T,μ,ρ,cp,k
-11.118,0.010307938531776046,977.7314705354645,4383.349946054423,0.4377114469422513
-11.018,0.01023824785993972,977.7204803340707,4383.295567678938,0.43780117351058623
-10.918,0.010169168439767295,977.7093631637678,4383.239618047161,0.43789092619834863
-10.818,0.010100694017682132,977.6981191715001,4383.182104810175,0.43798070488884805
-10.718,0.010032818411870361,977.6867485042121,4383.123035619063,0.4380705094653943
-10.618,0.009965535511376097,977.6752513088479,4383.062418124909,0.43816033981129704
-10.518,0.0098988392752093,977.6636277323521,4383.000259978795,0.438250195809866
-10.418,0.009832723731465251,977.651877921669,4382.936568831806,0.43834007734441094
-10.318,0.009767182976456582,977.6400020237428,4382.871352335024,0.43842998429824154
-10.218,0.009702211173856737,977.628000185518,4382.804618139534,0.4385199165546675
-10.118,0.009637802553855086,977.6158725539389,4382.736373896417,0.43860987399699863
-10.018,0.009573951412323888,977.6036192759499,4382.666627256758,0.4386998565085445
-9.918,0.009510652109995934,977.5912404984952,4382.595385871641,0.43878986397261494
-9.818,0.009447899071653993,977.5787363685193,4382.522657392147,0.4388798962725196
-9.718,0.009385686785330758,977.5661070329666,4382.448449469362,0.4389699532915682
-9.618,0.009324009801519696,977.5533526387812,4382.372769754366,0.43906003491307055
-9.518,0.009262862732396876,977.5404733329077,4382.295625898246,0.4391501410203362
-9.418,0.009202240251052764,977.5274692622903,4382.217025552083,0.43924027149667505
-9.318,0.009142137090734925,977.5143405738735,4382.136976366961,0.4393304262253967
-9.218,0.009082548044100547,977.5010874146016,4382.055485993963,0.43942060508981085
-9.118,0.0090234679624791,977.4877099314187,4381.972562084173,0.4395108079732273
-9.018,0.008964891755145142,977.4742082712696,4381.8882122886735,0.4396010347589557
-8.918,0.008906814388600453,977.4605825810984,4381.802444258549,0.4396912853303058
-8.818,0.008849230885866314,977.4468330078494,4381.715265644882,0.43978155957058734
-8.718,0.008792136325784882,977.432959698467,4381.6266840987555,0.43987185736310996
-8.618,0.008735525842329984,977.4189627998956,4381.536707271253,0.4399621785911834
-8.518,0.008679394623927417,977.4048424590795,4381.445342813459,0.44005252313811744
-8.418,0.008623737912783877,977.3905988229632,4381.352598376456,0.44014289088722175
-8.318,0.00856855100422527,977.3762320384908,4381.258481611327,0.4402332817218061
-8.218,0.008513829246043639,977.3617422526067,4381.163000169155,0.44032369552518
-8.118,0.008459568037852675,977.3471296122556,4381.066161701025,0.44041413218065345
-8.018,0.008405762830452208,977.3323942643814,4380.967973858018,0.440504591571536
-7.918,0.008352409125200648,977.3175363559286,4380.86844429122,0.44059507358113736
-7.818,0.008299502473396224,977.3025560338416,4380.767580651712,0.44068557809276737
-7.718,0.00824703847566615,977.2874534450648,4380.665390590579,0.4407761049897356
-7.618,0.00819501278136386,977.2722287365425,4380.561881758903,0.44086665415535187
-7.518,0.008143421087974567,977.256882055219,4380.457061807769,0.4409572254729258
-7.418,0.008092259140528312,977.2414135480387,4380.350938388258,0.4410478188257672
-7.318,0.008041522731020892,977.2258233619459,4380.243519151456,0.4411384340971858
-7.218,0.00799120769784265,977.210111643885,4380.134811748444,0.44122907117049115
-7.118,0.007941309925214397,977.1942785408004,4380.024823830307,0.44131972992899315
-7.018,0.007891825342631185,977.1783241996364,4379.913563048127,0.4414104102560015
-6.918,0.007842749924313169,977.1622487673374,4379.801037052988,0.4415011120348257
-6.818,0.00779407968866363,977.1460523908476,4379.687253495974,0.44159183514877576
-6.718,0.0077458106977344315,977.1297352171114,4379.572220028167,0.44168257948116124
-6.618,0.0076979390566981045,977.1132973930733,4379.455944300651,0.44177334491529185
-6.518,0.007650460913327233,977.0967390656774,4379.33843396451,0.4418641313344774
-6.418,0.007603372457480409,977.0800603818684,4379.219696670826,0.44195493862202745
-6.318,0.007556669920594898,977.0632614885903,4379.099740070684,0.4420457666612519
-6.218,0.007510349575186261,977.0463425327878,4378.978571815165,0.4421366153354603
-6.118,0.007464407734354055,977.0293036614048,4378.856199555355,0.4422274845279625
-6.018,0.007418840751294404,977.0121450213861,4378.732630942334,0.44231837412206815
-5.918,0.007373645018818701,976.9948667596758,4378.607873627189,0.4424092840010869
-5.818,0.007328816968878523,976.9774690232183,4378.481935261001,0.4425002140483287
-5.718,0.007284353072097029,976.959951958958,4378.354823494855,0.4425911641471029
-5.618,0.007240249837306071,976.9423157138392,4378.226545979832,0.44268213418071956
-5.518,0.007196503811089652,976.9245604348063,4378.097110367017,0.44277312403248825
-5.418,0.007153111577333124,976.9066862688035,4377.966524307493,0.44286413358571863
-5.318,0.007110069756778195,976.8886933627754,4377.834795452344,0.44295516272372054
-5.218,0.007067375006583924,976.8705818636661,4377.701931452652,0.4430462113298036
-5.118,0.007025024019893093,976.8523519184201,4377.567939959502,0.4431372792872776
-5.018,0.006983013525404496,976.8340036739818,4377.432828623975,0.4432283664794522
-4.918,0.00694134028695055,976.8155372772954,4377.296605097157,0.4433194727896371
-4.818,0.00690000110308031,976.7969528753054,4377.1592770301295,0.4434105981011421
-4.718,0.0068589928066481445,976.778250614956,4377.020852073976,0.4435017422972768
-4.618,0.006818312264407337,976.7594306431916,4376.88133787978,0.44359290526135103
-4.518,0.006777956376609246,976.7404931069567,4376.740742098626,0.4436840868766745
-4.418,0.006737922076607425,976.7214381531954,4376.599072381596,0.44377528702655683
-4.318,0.006698206330466812,976.7022659288523,4376.456336379773,0.4438665055943078
-4.218,0.006658806136578129,976.6829765808716,4376.312541744242,0.4439577424632371
-4.118,0.00661971852527693,976.6635702561977,4376.167696126085,0.4440489975166545
-4.018,0.006580940558467843,976.6440471017748,4376.021807176385,0.4441402706378697
-3.918,0.006542469329253384,976.6244072645475,4375.874882546226,0.4442315617101923
-3.818,0.006504301961567556,976.60465089146,4375.726929886692,0.4443228706169322
-3.718,0.006466435609814278,976.5847781294567,4375.577956848866,0.44441419724139897
-3.618,0.006428867458510178,976.564789125482,4375.427971083831,0.4445055414669024
-3.518,0.006391594721932191,976.5446840264801,4375.27698024267,0.4445969031767522
-3.418,0.006354614643769478,976.5244629793955,4375.124991976467,0.44468828225425805
-3.318,0.006317924496779745,976.5041261311725,4374.972013936304,0.44477967858272976
-3.218,0.006281521582450149,976.4836736287555,4374.818053773267,0.4448710920454769
-3.118,0.006245403230662207,976.4631056190887,4374.663119138437,0.4449625225258093
-3.018,0.006209566799361227,976.4424222491165,4374.507217682897,0.44505396990703666
-2.918,0.006174009674229769,976.4216236657834,4374.350357057732,0.44514543407246865
-2.818,0.006138729268365193,976.4007100160336,4374.192544914025,0.44523691490541506
-2.718,0.0061037230219615456,976.3796814468116,4374.03378890286,0.44532841228918546
-2.618,0.006068988401995079,976.3585381050615,4373.8740966753185,0.44541992610708975
-2.518,0.006034522901914131,976.3372801377279,4373.713475882484,0.44551145624243754
-2.418,0.006000324041332639,976.315907691755,4373.551934175442,0.4456030025785385
-2.318,0.0059663893657275705,976.2944209140873,4373.389479205273,0.4456945649987025
-2.218,0.00593271644614032,976.272819951669,4373.226118623063,0.4457861433862391
-2.118,0.0058993028788815825,976.2511049514445,4373.0618600798925,0.44587773762445815
-2.018,0.005866146285240222,976.2292760603582,4372.896711226847,0.4459693475966693
-1.918,0.0058332443111956105,976.2073334253545,4372.7306797150095,0.4460609731861822
-1.818,0.005800594627133542,976.1852771933775,4372.563773195463,0.4461526142763067
-1.718,0.005768194927565939,976.1631075113718,4372.395999319291,0.4462442707503524
-1.618,0.005736042930853739,976.1408245262816,4372.227365737577,0.4463359424916291
-1.518,0.005704136378933546,976.1184283850514,4372.0578801014035,0.4464276293834465
-1.418,0.005672473037047537,976.0959192346254,4371.887550061855,0.44651933130911425
-1.318,0.005641050693476653,976.0732972219481,4371.7163832700135,0.44661104815194214
-1.218,0.005609867159277402,976.0505624939638,4371.544387376964,0.4467027797952398
-1.118,0.005578920268021607,976.0277151976167,4371.371570033788,0.4467945261223171
-1.018,0.0055482078755396454,976.0047554798513,4371.19793889157,0.44688628701648364
-0.918,0.00551772785966677,975.9816834876119,4371.023501601393,0.4469780623610491
-0.818,0.0054874781199924965,975.9584993678429,4370.84826581434,0.4470698520393233
-0.718,0.0054574565776133455,975.9352032674888,4370.6722391814965,0.4471616559346159
-0.618,0.005427661174888334,975.9117953334936,4370.495429353942,0.4472534739302366
-0.518,0.005398089875197786,975.8882757128018,4370.317843982763,0.44734530590949523
-0.418,0.005368740662704933,975.864644552358,4370.1394907190415,0.4474371517557013
-0.318,0.005339611542120496,975.8409019991061,4369.960377213862,0.4475290113521648
-0.218,0.005310700538470278,975.8170481999908,4369.780511118305,0.4476208845821951
-0.118,0.005282005696865429,975.7930833019564,4369.599900083457,0.44771277132910225
-0.018,0.0052535250822757845,975.769007451947,4369.4185517604,0.4478046714761958
0.082,0.005225256779305779,975.7448207969072,4369.236473800217,0.4478965849067854
0.182,0.005197198891973184,975.7205234837814,4369.053673853992,0.44798851150418095
0.282,0.005169349543490677,975.6961156595138,4368.870159572808,0.44808045115169204
0.382,0.005141706876049854,975.6715974710488,4368.6859386077485,0.4481724037326284
0.482,0.005114269050608168,975.6469690653307,4368.501018609897,0.4482643691302998
0.582,0.005087034246678267,975.6222305893039,4368.315407230337,0.4483563472280159
0.682,0.0050600006621199425,975.5973821899128,4368.12911212015,0.44844833790908645
0.782,0.0050331665129347775,975.5724240141017,4367.942140930422,0.4485403410568211
0.882,0.005006530033063041,975.5473562088149,4367.754501312234,0.44863235655452965
0.982,0.004980089474183333,975.5221789209968,4367.566200916672,0.4487243842855218
1.082,0.004953843105514486,975.4968922975918,4367.377247394817,0.44881642413310724
1.182,0.004927789213619889,975.4714964855441,4367.187648397752,0.4489084759805957
1.282,0.004901926102214361,975.4459916317983,4366.997411576563,0.4490005397112969
1.382,0.004876252091973102,975.4203778832986,4366.806544582331,0.4490926152085205
1.482,0.004850765520343247,975.3946553869893,4366.6150550661405,0.44918470235557634
1.582,0.004825464741357504,975.3688242898147,4366.422950679074,0.449276801035774
1.682,0.0048003481254500924,975.3428847387194,4366.230239072215,0.4493689111324233
1.782,0.004775414059275024,975.3168368806475,4366.036927896648,0.44946103252883385
1.882,0.004750660945526376,975.2906808625437,4365.843024803456,0.44955316510831544
1.982,0.004726087202760976,975.2644168313519,4365.64853744372,0.44964530875417785
2.082,0.004701691265223038,975.2380449340168,4365.453473468526,0.44973746334973064
2.182,0.004677471582670948,975.2115653174825,4365.257840528957,0.44982962877828364
2.282,0.004653426620206276,975.1849781286935,4365.0616462760945,0.44992180492314654
2.382,0.004629554858104617,975.1582835145941,4364.864898361024,0.450013991667629
2.482,0.004605854791648706,975.1314816221288,4364.667604434828,0.4501061888950409
2.582,0.004582324930963347,975.1045725982417,4364.469772148589,0.4501983964886917
2.682,0.004558963800852403,975.0775565898773,4364.271409153392,0.4502906143318914
2.782,0.004535769940637798,975.05043374398,4364.072523100319,0.45038284230794945
2.882,0.00451274190400029,975.023204207494,4363.873121640454,0.45047508030017575
2.982,0.004489878258822351,974.9958681273638,4363.67321242488,0.45056732819187995
3.082,0.0044671775870327645,974.9684256505336,4363.472803104681,0.4506595858663717
3.182,0.004444638484453111,974.9408769239478,4363.271901330939,0.45075185320696093
3.282,0.004422259560646207,974.9132220945509,4363.070514754739,0.45084413009695706
3.382,0.004400039438766134,974.885461309287,4362.868651027163,0.4509364164196701
3.482,0.004377976755410294,974.8575947151007,4362.666317799294,0.45102871205840955
3.582,0.0043560701604730455,974.8296224589362,4362.463522722217,0.4511210168964852
3.682,0.004334318317001112,974.8015446877379,4362.260273447014,0.45121333081720677
3.782,0.0043127199010508455,974.7733615484501,4362.0565776247695,0.451305653703884
3.882,0.004291273601546952,974.7450731880173,4361.852442906566,0.45139798543982657
3.982,0.004269978120143124,974.7166797533836,4361.647876943486,0.4514903259083442
4.082,0.0042488321710841695,974.6881813914936,4361.4428873866145,0.4515826749927466
4.182,0.004227834481069785,974.6595782492915,4361.237481887035,0.45167503257634356
4.282,0.004206983789120075,974.6308704737218,4361.0316680958285,0.45176739854244463
4.382,0.004186278846442439,974.6020582117285,4360.825453664081,0.45185977277435974
4.482,0.004165718416300255,974.5731416102564,4360.618846242874,0.45195215515539844
4.582,0.004145301273882969,974.5441208162496,4360.411853483291,0.45204454556887047
4.682,0.004125026206177697,974.5149959766525,4360.204483036417,0.4521369438980857
4.782,0.004104892011842506,974.4857672384095,4359.996742553333,0.45222935002635356
4.882,0.004084897501080954,974.4564347484647,4359.7886396851245,0.452321763836984
4.982,0.0040650414955183175,974.4269986537629,4359.580182082873,0.45241418521328675
5.082,0.004045322828079127,974.3974591012482,4359.371377397663,0.45250661403857134
5.182,0.004025740342866169,974.3678162378648,4359.162233280578,0.45259905019614766
5.282,0.004006292895040988,974.3380702105572,4358.9527573827,0.4526914935693253
5.382,0.003986979350705643,974.30822116627,4358.7429573551135,0.4527839440414141
5.482,0.003967798586785995,974.2782692519471,4358.532840848901,0.45287640149572367
5.582,0.0039487494909162466,974.2482146145331,4358.322415515147,0.4529688658155637
5.682,0.003929830961324857,974.2180574009724,4358.111689004934,0.45306133688424405
5.782,0.0039110419067218604,974.1877977582092,4357.900668969346,0.4531538145850743
5.882,0.0038923812461873508,974.157435833188,4357.689363059465,0.4532462988013643
5.982,0.003873847909061432,974.1269717728529,4357.477778926376,0.45333878941642364
6.082,0.0038554408348353162,974.0964057241486,4357.265924221161,0.45343128631356205
6.182,0.003837158973043721,974.0657378340192,4357.053806594904,0.45352378937608934
6.282,0.0038190012831585845,974.0349682494091,4356.841433698688,0.4536162984873151
6.382,0.003800966734483892,974.0040971172626,4356.628813183596,0.4537088135305492
6.482,0.003783054306051836,973.9731245845242,4356.415952700712,0.45380133438910125
6.582,0.003765262986520121,973.9420507981382,4356.20285990112,0.4538938609462809
6.682,0.003747591774070399,973.9108759050489,4355.989542435902,0.45398639308539807
6.782,0.0037300396763080422,973.8796000522008,4355.776007956142,0.45407893068976224
6.882,0.003712605710162866,973.8482233865379,4355.562264112923,0.45417147364268334
6.982,0.0036952889017911844,973.816746055005,4355.348318557329,0.454264021827471
7.082,0.0036780882864788597,973.7851682045462,4355.134178940442,0.4543565751274348
7.182,0.003661002908545515,973.7534899821057,4354.919852913347,0.4544491334258847
7.282,0.00364403182124989,973.7217115346282,4354.705348127126,0.4545416966061302
7.382,0.0036271740866961753,973.6898330090579,4354.490672232863,0.4546342645514812
7.482,0.0036104287757415675,973.657854552339,4354.275832881642,0.4547268371452473
7.582,0.003593794967904752,973.6257763114162,4354.060837724544,0.45481941427073824
7.682,0.0035772717512754775,973.5935984332335,4353.845694412655,0.4549119958112638
7.782,0.00356085822242523,973.5613210647354,4353.630410597057,0.4550045816501335
7.882,0.003544553486318804,973.5289443528662,4353.414993928833,0.45509717167065733
7.982,0.003528356656227007,973.4964684445704,4353.199452059067,0.45518976575614484
8.082,0.0035122668536402765,973.4638934867922,4352.983792638843,0.4552823637899057
8.182,0.003496283208183296,973.431219626476,4352.768023319242,0.4553749656552498
8.282,0.003480404857530637,973.3984470105662,4352.55215175135,0.4554675712354867
8.382,0.003464630947323268,973.3655757860071,4352.336185586249,0.4555601804139262
8.482,0.0034489606310861127,973.332606099743,4352.120132475023,0.45565279307387796
8.582,0.003433393070146457,973.2995380987184,4351.904000068754,0.45574540909865174
8.682,0.0034179274335533437,973.2663719298773,4351.687796018527,0.4558380283715573
8.782,0.0034025628979978584,973.2331077401645,4351.471527975424,0.4559306507759042
8.882,0.0033872986477342837,973.1997456765242,4351.255203590528,0.4560232761950023
8.982,0.003372133874502228,973.1662858859006,4351.038830514925,0.4561159045121613
9.082,0.0033570677774495297,973.1327285152382,4350.822416399696,0.45620853561069086
9.182,0.0033420995630561445,973.0990737114813,4350.605968895924,0.45630116937390075
9.282,0.003327228445058792,973.0653216215744,4350.389495654694,0.45639380568510063
9.382,0.003312453644376495,973.0314723924615,4350.173004327088,0.4564864444276003
9.482,0.0032977743890369843,972.9975261710873,4349.956502564191,0.4565790854847093
9.582,0.003283189914103868,972.963483104396,4349.739998017084,0.45667172873973755
9.682,0.0032686994616046745,972.9293433393319,4349.523498336853,0.4567643740759947
9.782,0.0032543022804596942,972.8951070228395,4349.307011174578,0.4568570213767904
9.882,0.0032399976264115577,972.8607743018631,4349.090544181346,0.45694967052543445
9.982,0.003225784761955723,972.8263453233469,4348.874105008237,0.4570423214052365
10.082,0.0032116629562715967,972.7918202342355,4348.657701306337,0.45713497389950636
10.182,0.0031976314851545717,972.7571991814731,4348.4413407267275,0.45722762789155363
10.282,0.003183689630948716,972.722482312004,4348.225030920494,0.4573202832646881
10.382,0.0031698366824802347,972.6876697727727,4348.008779538716,0.4574129399022195
10.482,0.0031560719349917337,972.6527617107234,4347.792594232481,0.4575055976874574
10.582,0.003142394690077125,972.6177582728006,4347.57648265287,0.4575982565037117
10.682,0.0031288042556173517,972.5826596059485,4347.360452450967,0.4576909162342921
10.782,0.0031152999457167534,972.5474658571117,4347.144511277856,0.4577835767625082
10.882,0.0031018810806401472,972.5121771732342,4346.928666784618,0.45787623797166976
10.982,0.0030885469867506796,972.4767937012607,4346.712926622339,0.45796889974508653
11.082,0.003075296996448254,972.4413155881352,4346.497298442101,0.45806156196606823
11.182,0.0030621304481087464,972.4057429808024,4346.281789894988,0.4581542245179246
11.282,0.0030490466860238446,972.3700760262064,4346.066408632082,0.4582468872839652
11.382,0.003036045060341511,972.3343148712917,4345.851162304468,0.45833955014749994
11.482,0.003023124927007223,972.2984596630026,4345.636058563228,0.4584322129918384
11.582,0.0030102856477057195,972.2625105482834,4345.421105059447,0.4585248757002904
11.682,0.002997526589803505,972.2264676740785,4345.2063094442055,0.45861753815616557
11.782,0.0029848471262919423,972.1903311873323,4344.99167936859,0.45871020024277365
11.882,0.002972246635730921,972.1541012349891,4344.777222483682,0.4588028618434244
11.982,0.0029597245021932743,972.1177779639931,4344.562946440565,0.4588955228414275
12.082,0.0029472801152096487,972.081361521289,4344.348858890323,0.45898818312009265
12.182,0.002934912869714129,972.0448520538208,4344.1349674840385,0.45908084256272963
12.282,0.0029226221659903544,972.0082497085331,4343.921279872796,0.45917350105264804
12.382,0.002910407409618251,971.97155463237,4343.707803707677,0.4592661584731577
12.482,0.0028982680114214014,971.9347669722762,4343.494546639767,0.4593588147075683
12.582,0.0028862033874148887,971.8978868751958,4343.281516320148,0.4594514696391896
12.682,0.002874212958753833,971.8609144880731,4343.068720399902,0.4595441231513312
12.782,0.002862296151682377,971.8238499578528,4342.856166530116,0.4596367751273029
12.882,0.00285045239748329,971.7866934314787,4342.643862361871,0.4597294254504144
12.982,0.0028386811324281284,971.7494450558958,4342.43181554625,0.4598220740039754
13.082,0.0028269817977278804,971.7121049780478,4342.2200337343365,0.4599147206712957
13.182,0.0028153538394842382,971.6746733448796,4342.008524577215,0.46000736533568487
13.282,0.0028037967086413066,971.6371503033351,4341.797295725968,0.4601000078804527
13.382,0.0027923098609378867,971.5995360003591,4341.586354831678,0.460192648188909
13.482,0.002780892756860288,971.5618305828956,4341.375709545431,0.46028528614436326
13.582,0.0027695448615956074,971.524034197889,4341.165367518308,0.4603779216301254
13.682,0.0027582656449855626,971.4861469922839,4340.955336401393,0.46047055452950514
13.782,0.002747054581480796,971.4481691130244,4340.745623845769,0.460563184725812
13.882,0.0027359111500956587,971.4101007070549,4340.536237502519,0.4606558121023559
13.982,0.002724834834363545,971.3719419213197,4340.3271850227275,0.4607484365424464
14.082,0.002713825122292625,971.3336929027633,4340.118474057477,0.4608410579293934
14.182,0.0027028815063221264,971.29535379833,4339.910112257852,0.46093367614650643
14.282,0.002692003483279058,971.2569247549642,4339.702107274934,0.4610262910770953
14.382,0.002681190554335371,971.2184059196101,4339.494466759808,0.46111890260446975
14.482,0.0026704422249656536,971.179797439212,4339.287198363557,0.4612115106119394
14.582,0.0026597580049051842,971.1410994607146,4339.080309737263,0.46130411498281404
14.682,0.0026491374081085398,971.1023121310619,4338.87380853201,0.46139671560040335
14.782,0.0026385799527085703,971.0634355971985,4338.667702398882,0.4614893123480171
14.882,0.0026280851609758126,971.0244700060686,4338.4619989889625,0.46158190510896496
14.982,0.0026176525592784294,970.9854155046165,4338.256705953334,0.4616744937665566
15.082,0.0026072816780424316,970.9462722397867,4338.05183094308,0.4617670782041019
15.182,0.002596972051712481,970.9070403585235,4337.847381609284,0.46185965830491044
15.282,0.002586723218712993,970.8677200077713,4337.643365603029,0.4619522339522919
15.382,0.0025765347214096908,970.8283113344744,4337.4397905753995,0.4620448050295561
15.482,0.0025664061060716213,970.7888144855771,4337.236664177477,0.4621373714200127
15.582,0.002556336922833473,970.7492296080237,4337.033994060346,0.46222993300697146
15.682,0.002546326725658404,970.7095568487588,4336.83178787509,0.46232248967374207
15.782,0.0025363750723011893,970.6697963547265,4336.630053272792,0.4624150413036342
15.882,0.0025264815242717715,970.6299482728713,4336.428797904536,0.46250758777995765
15.982,0.002516645646799242,970.5900127501375,4336.228029421403,0.4626001289860221
16.082,0.002506867008796142,970.5499899334694,4336.027755474479,0.46269266480513727
16.182,0.0024971451828231994,970.5098799698114,4335.827983714846,0.4627851951206129
16.282,0.0024874797450544,970.469683006108,4335.628721793588,0.4628777198157586
16.382,0.002477870275242422,970.4293991893032,4335.429977361788,0.46297023877388416
16.482,0.002468316356684494,970.3890286663418,4335.2317580705285,0.4630627518782993
16.582,0.0024588175761885308,970.3485715841678,4335.034071570894,0.4631552590123138
16.682,0.002449373524039702,970.3080280897256,4334.836925513968,0.4632477600592373
16.782,0.0024399837939673057,970.2673983299596,4334.640327550833,0.46334025490237946
16.882,0.0024306479831119904,970.2266824518143,4334.444285332573,0.46343274342505014
16.982,0.002421365691993375,970.1858806022339,4334.248806510271,0.4635252255105589
17.082,0.002412136524477917,970.1449929281627,4334.053898735009,0.4636177010422156
17.182,0.002402960087747227,970.104019576545,4333.859569657873,0.4637101699033299
17.282,0.0023938359922666243,970.0629606943255,4333.665826929944,0.46380263197721144
17.382,0.0023847638517540573,970.0218164284482,4333.472678202307,0.46389508714717004
17.482,0.0023757432831493733,969.9805869258577,4333.280131126045,0.4639875352965154
17.582,0.0023667739065838596,969.939272333498,4333.0881933522405,0.4640799763085572
17.682,0.002357855345350151,969.8978727983139,4332.896872531977,0.46417241006660515
17.782,0.002348987225872427,969.8563884672494,4332.706176316339,0.464264836453969
17.882,0.0023401691776768997,969.814819487249,4332.5161123564085,0.46435725535395844
17.982,0.0023314008333626735,969.773166005257,4332.326688303269,0.4644496666498832
18.082,0.0023226818285728237,969.7314281682178,4332.137911808005,0.464542070225053
18.182,0.0023140118019658617,969.6896061230758,4331.949790521699,0.46463446596277763
18.282,0.0023053903951874323,969.6477000167753,4331.7623320954335,0.4647268537463666
18.382,0.0022968172528423205,969.6057099962605,4331.575544180294,0.46481923345912984
18.482,0.002288292022466789,969.5636362084759,4331.389434427361,0.4649116049843769
18.582,0.002279814354501132,969.5214788003659,4331.204010487721,0.4650039682054177
18.682,0.0022713839022625785,969.4792379188748,4331.019280012454,0.46509632300556175
18.782,0.0022630003219184514,969.436913710947,4330.835250652645,0.4651886692681188
18.882,0.002254663272459573,969.3945063235267,4330.651930059378,0.46528100687639873
18.982,0.0022463724156740104,969.3520159035584,4330.469325883736,0.46537333571371103
19.082,0.0022381274161210286,969.3094425979863,4330.287445776802,0.4654656556633656
19.182,0.0022299279411053634,969.2667865537549,4330.106297389659,0.4655579666086721
19.282,0.0022217736606517232,969.2240479178085,4329.925888373391,0.4656502684329401
19.382,0.002213664247479555,969.1812268370915,4329.74622637908,0.4657425610194796
19.482,0.0022055993769781175,969.1383234585481,4329.567319057812,0.46583484425160004
19.582,0.0021975787271817336,969.0953379291228,4329.389174060668,0.46592711801261133
19.682,0.0021896019787453684,969.0522703957599,4329.211799038731,0.4660193821858231
19.782,0.002181668814920416,969.0091210054038,4329.035201643087,0.4661116366545451
19.882,0.002173778921530742,968.9658899049988,4328.859389524817,0.466203881302087
19.982,0.0021659319869489933,968.9225772414892,4328.684370335005,0.4662961160117585
20.082,0.0021581277020731016,968.8791831618194,4328.510151724734,0.4663883406668694
20.182,0.002150365760303099,968.8357078129337,4328.336741345088,0.4664805551507294
20.282,0.0021426458575181046,968.7921513417767,4328.16414684715,0.4665727593466481
20.382,0.0021349676920535705,968.7485138952925,4327.992375882004,0.46666495313793543
20.482,0.0021273309646787815,968.7047956204254,4327.821436100732,0.4667571364079009
20.582,0.0021197353785745356,968.6609966641199,4327.651335154418,0.46684930903985433
20.682,0.0021121806393111114,968.6171171733204,4327.482080694145,0.4669414709171054
20.782,0.002104666454826413,968.5731572949711,4327.313680370998,0.4670336219229638
20.882,0.002097192535404342,968.5291171760165,4327.146141836059,0.4671257619407394
20.982,0.002089758593653429,968.4849969634008,4326.97947274041,0.4672178908537417
21.082,0.0020823643444856234,968.4407968040684,4326.813680735137,0.46731000854528054
21.182,0.0020750095050953475,968.3965168449637,4326.648773471321,0.4674021148986657
21.282,0.0020676937949387466,968.3521572330311,4326.484758600047,0.4674942097972067
21.382,0.002060416935713122,968.3077181152148,4326.321643772397,0.4675862931242134
21.482,0.002053178651336629,968.2631996384592,4326.159436639456,0.46767836476299546
21.582,0.002045978667928118,968.2186019497087,4325.998144852306,0.4677704245968627
21.682,0.002038816713787231,968.1739251959076,4325.837776062031,0.4678624725091247
21.782,0.002031692519374671,968.1291695240004,4325.678337919713,0.4679545083830912
21.882,0.0020246058172926624,968.0843350809312,4325.519838076438,0.468046532102072
21.982,0.0020175563422656475,968.0394220136445,4325.362284183287,0.46813854354937673
22.082,0.0020105438311211264,967.9944304690847,4325.205683891343,0.46823054260831515
22.182,0.0020035680227707365,967.949360594196,4325.050044851691,0.46832252916219697
22.282,0.001996628658191492,967.904212535923,4324.895374715415,0.4684145030943319
22.382,0.001989725480407211,967.8589864412098,4324.741681133596,0.46850646428802967
22.482,0.001982858234470164,967.8136824570008,4324.588971757318,0.46859841262659996
22.582,0.0019760266674428498,967.7683007302404,4324.437254237666,0.4686903479933525
22.682,0.0019692305283800136,967.722841407873,4324.286536225721,0.4687822702715971
22.782,0.0019624695683108082,967.6773046368429,4324.136825372568,0.46887417934464326
22.882,0.001955743540221127,967.6316905640944,4323.988129329289,0.4689660750958009
22.982,0.0019490521990361514,967.5859993365718,4323.840455746969,0.46905795740837963
23.082,0.0019423953016030346,967.5402311012197,4323.69381227669,0.46914982616568923
23.182,0.0019357726066737825,967.4943860049822,4323.548206569536,0.46924168125103943
23.282,0.0019291838748882993,967.4484641948038,4323.40364627659,0.46933352254773986
23.382,0.0019226288687575793,967.4024658176288,4323.260139048934,0.4694253499391003
23.482,0.0019161073526471136,967.3563910204016,4323.117692537655,0.46951716330843035
23.582,0.001909619092760408,967.3102399500665,4322.976314393833,0.4696089625390399
23.682,0.0019031638571227138,967.2640127535677,4322.836012268553,0.4697007475142386
23.782,0.0018967414155648841,967.2177095778499,4322.696793812896,0.46979251811733613
23.882,0.0018903515397073979,967.1713305698572,4322.558666677949,0.46988427423164225
23.982,0.001883994002944567,967.124875876534,4322.421638514793,0.4699760157404666
24.082,0.0018776685804288574,967.0783456448246,4322.285716974511,0.47006774252711897
24.182,0.0018713750490554105,967.0317400216735,4322.150909708187,0.4701594544749091
24.282,0.0018651131874466839,966.985059154025,4322.017224366906,0.4702511514671466
24.382,0.0018588827759372475,966.9383031888233,4321.884668601749,0.47034283338714133
24.482,0.001852683596558764,966.8914722730129,4321.753250063799,0.4704345001182028
24.582,0.0018465154330250598,966.8445665535381,4321.622976404142,0.47052615154364097
24.682,0.0018403780707173998,966.7975861773433,4321.493855273859,0.4706177875467654
24.782,0.0018342712966698765,966.7505312913728,4321.365894324033,0.47070940801088584
24.882,0.0018281948995549305,966.703402042571,4321.239101205751,0.470801012819312
24.982,0.0018221486696690626,966.6561985778823,4321.113483570091,0.4708926018553536
25.082,0.0018161323989186258,966.6089210442509,4320.989049068141,0.4709841750023204
25.182,0.0018101458808058096,966.5615695886212,4320.865805350982,0.4710757321435221
25.282,0.0018041889104147264,966.5141443579375,4320.743760069698,0.4711672731622683
25.382,0.0017982612843976393,966.4666454991444,4320.622920875371,0.47125879794186887
25.482,0.0017923628009613554,966.419073159186,4320.5032954190865,0.47135030636563346
25.582,0.0017864932598537016,966.3714274850067,4320.384891351927,0.4714417983168718
25.682,0.0017806524623501816,966.3237086235509,4320.267716324975,0.4715332736788936
25.782,0.001774840211240735,966.275916721763,4320.151777989314,0.4716247323350085
25.882,0.0017690563108166172,966.2280519265872,4320.037083996029,0.4717161741685264
25.982,0.001763300566857451,966.1801143849681,4319.923641996201,0.4718075990627568
26.082,0.0017575727866183462,966.1321042438498,4319.811459640915,0.4718990069010096
26.182,0.0017518727788172013,966.0840216501766,4319.700544581254,0.47199039756659444
26.282,0.0017462003536220863,966.0358667508932,4319.5909044683,0.472081770942821
26.382,0.0017405553226387581,965.9876396929436,4319.482546953139,0.47217312691299906
26.482,0.0017349374988983248,965.9393406232723,4319.375479686852,0.4722644653604383
26.582,0.0017293466968449837,965.8909696888237,4319.269710320523,0.4723557861684484
26.682,0.0017237827323239219,965.842527036542,4319.165246505236,0.47244708922033923
26.782,0.0017182454225693079,965.7940128133719,4319.062095892073,0.47253837439942026
26.882,0.0017127345861923963,965.7454271662573,4318.960266132119,0.47262964158900145
26.982,0.001707250043169781,965.6967702421427,4318.859764876455,0.4727208906723923
27.082,0.0017017916148317136,965.6480421879726,4318.7605997761675,0.47281212153290275
27.182,0.0016963591238505812,965.5992431506912,4318.662778482337,0.4729033340538424
27.282,0.001690952394229465,965.550373277243,4318.566308646048,0.47299452811852083
27.382,0.0016855712512908144,965.5014327145722,4318.471197918385,0.473085703610248
27.482,0.00168021552166525,965.4524216096232,4318.377453950429,0.4731768604123335
27.582,0.001674885033280437,965.4033401093403,4318.285084393265,0.47326799840808703
27.682,0.001669579615350113,965.354188360668,4318.194096897975,0.4733591174808184
27.782,0.0016642990983631839,965.3049665105506,4318.104499115644,0.4734502175138372
27.882,0.0016590433140729285,965.2556747059323,4318.016298697355,0.4735412983904533
27.982,0.001653812095486339,965.2063130937576,4317.929503294189,0.4736323599939762
28.082,0.0016486052768535143,965.1568818209709,4317.844120557233,0.47372340220771586
28.182,0.0016434226936572047,965.1073810345163,4317.7601581375675,0.4738144249149818
28.282,0.0016382641826024232,965.0578108813385,4317.677623686277,0.47390542799908386
28.382,0.0016331295816061572,965.0081715083815,4317.596524854444,0.4739964113433317
28.482,0.0016280187297872096,964.9584630625899,4317.516869293154,0.474087374831035
28.582,0.0016229314674560957,964.908685690908,4317.438664653488,0.47417831834550367
28.682,0.0016178676361050712,964.8588395402801,4317.36191858653,0.4742692417700472
28.782,0.0016128270783982348,964.8089247576505,4317.286638743363,0.47436014498797535
28.882,0.0016078096381617268,964.7589414899637,4317.212832775072,0.4744510278825979
28.982,0.0016028151603740383,964.708889884164,4317.140508332738,0.47454189033722455
29.082,0.0015978434911563843,964.6587700871956,4317.069673067446,0.474632732235165
29.182,0.0015928944777632026,964.6085822460032,4317.000334630279,0.474723553459729
29.282,0.0015879679685727162,964.5583265075308,4316.93250067232,0.47481435389422616
29.382,0.0015830638130775836,964.5080030187229,4316.8661788446525,0.47490513342196633
29.482,0.0015781818618756751,964.4576119265238,4316.80137679836,0.47499589192625913
29.582,0.001573321966660881,964.4071533778779,4316.738102184526,0.4750866292904144
29.682,0.0015684839802140615,964.3566275197295,4316.676362654232,0.4751773453977417
29.782,0.001563667756394046,964.3060344990231,4316.616165858564,0.47526804013155083
29.882,0.0015588731501287195,964.2553744627029,4316.557519448605,0.4753587133751515
29.982,0.0015541000174062283,964.2046475577133,4316.500431075436,0.4754493650118534
30.082,0.0015493482152662149,964.1538539309986,4316.444908390143,0.47553999492496635
30.182,0.0015446176017911918,964.1029937295032,4316.390959043807,0.4756306029977999
30.282,0.0015399080360979523,964.0520671001714,4316.338590687513,0.47572118911366384
30.382,0.001535219378329077,964.0010741899476,4316.287810972344,0.475811753155868
30.482,0.0015305514896445463,963.9500151457763,4316.238627549383,0.47590229500772185
30.582,0.0015259042322133755,963.8988901146015,4316.191048069713,0.47599281455253534
30.682,0.0015212774692053923,963.8476992433679,4316.145080184419,0.47608331167361806
30.782,0.001516671064783052,963.7964426790196,4316.100731544583,0.47617378625427975
30.882,0.0015120848840933256,963.7451205685011,4316.058009801288,0.47626423817783015
30.982,0.0015075187932597008,963.6937330587567,4316.016922605618,0.476354667327579
31.082,0.0015029726593742147,963.6422802967307,4315.977477608656,0.4764450735868359
31.182,0.0014984463504896,963.5907624293676,4315.939682461486,0.47653545683891074
31.282,0.0014939397356114764,963.5391796036117,4315.903544815191,0.47662581696711304
31.382,0.0014894526846906233,963.4875319664072,4315.869072320853,0.4767161538547527
31.482,0.0014849850686153424,963.4358196646987,4315.836272629557,0.47680646738513927
31.582,0.0014805367592038545,963.3840428454303,4315.805153392386,0.4768967574415826
31.682,0.0014761076291968105,963.3322016555463,4315.775722260424,0.47698702390739234
31.782,0.0014716975522498434,963.2802962419914,4315.747986884753,0.4770772666658782
31.882,0.0014673064029261948,963.2283267517098,4315.7219549164565,0.47716748560034994
31.982,0.0014629340566894226,963.1762933316458,4315.6976340066185,0.4772576805941172
32.082,0.0014585803898961541,963.1241961287437,4315.675031806322,0.47734785153048986
32.182,0.0014542452797889414,963.072035289948,4315.65415596665,0.47743799829277744
32.282,0.0014499286044891424,963.0198109622029,4315.6350141386865,0.47752812076428974
32.382,0.0014456302429898984,962.9675232924528,4315.617613973515,0.47761821882833655
32.482,0.0014413500751491693,962.9151724276422,4315.601963122218,0.4777082923682274
32.582,0.0014370879816828182,962.8627585147152,4315.588069235879,0.4777983412672722
32.682,0.0014328438441577925,962.8102817006163,4315.575939965582,0.4778883654087806
32.782,0.0014286175449853362,962.7577421322899,4315.565582962409,0.47797836467606225
32.882,0.0014244089674142783,962.7051399566802,4315.557005877446,0.47806833895242695
32.982,0.0014202179955243907,962.6524753207317,4315.550216361773,0.4781582881211843
33.082,0.0014160445142197909,962.5997483713886,4315.545222066475,0.4782482120656442
33.182,0.0014118884092224264,962.5469592555954,4315.542030642635,0.47833811066911625
33.282,0.0014077495670656026,962.4941081202965,4315.540649741337,0.47842798381491014
33.382,0.0014036278750875729,962.4411951124359,4315.541087013664,0.4785178313863357
33.482,0.001399523221425199,962.3882203789583,4315.543350110699,0.47860765326670246
33.582,0.0013954354950076546,962.335184066808,4315.547446683526,0.47869744933932035
33.682,0.0013913645855502031,962.2820863229291,4315.553384383227,0.47878721948749897
33.782,0.0013873103835480211,962.2289272942663,4315.561170860888,0.478876963594548
33.882,0.0013832727802700793,962.1757071277638,4315.570813767588,0.47896668154377725
33.982,0.001379251667753087,962.1224259703658,4315.5823207544145,0.47905637321849637
34.082,0.0013752469387954863,962.069083969017,4315.595699472449,0.4791460385020151
34.182,0.0013712584869515064,962.0156812706614,4315.610957572775,0.4792356772776432
34.282,0.0013672862065252684,961.9622180222435,4315.628102706476,0.4793252894286903
34.382,0.00136332999256494,961.9086943707077,4315.6471425246355,0.4794148748384662
34.482,0.0013593897408569616,961.8551104629984,4315.6680846783365,0.4795044333902805
34.582,0.0013554653479203,961.8014664460596,4315.690936818662,0.47959396496744305
34.682,0.0013515567110007787,961.7477624668361,4315.715706596696,0.4796834694532635
34.782,0.001347663728065451,961.6939986722721,4315.742401663521,0.47977294673105153
34.882,0.001343786297797005,961.6401752093118,4315.771029670222,0.47986239668411695
34.982,0.0013399243195882657,961.5862922248996,4315.80159826788,0.4799518191957694
35.082,0.0013360776935366955,961.53234986598,4315.83411510758,0.48004121414931866
35.182,0.0013322463204389855,961.4783482794973,4315.868587840405,0.4801305814280744
35.282,0.0013284301017856752,961.4242876123957,4315.905024117438,0.48021992091534627
35.382,0.00132462893975582,961.3701680116196,4315.943431589763,0.4803092324944441
35.482,0.0013208427372117257,961.3159896241136,4315.983817908464,0.48039851604867756
35.582,0.0013170713976937089,961.2617525968218,4316.026190724621,0.4804877714613564
35.682,0.0013133148254149205,961.2074570766886,4316.070557689321,0.48057699861579034
35.782,0.001309572925256214,961.1531032106584,4316.116926453646,0.480666197395289
35.882,0.0013058456027610441,961.0986911456755,4316.165304668678,0.4807553676831622
35.982,0.0013021327641304468,961.0442210286843,4316.215699985502,0.48084450936271955
36.082,0.0012984343162180223,960.9896930066291,4316.268120055202,0.4809336223172709
36.182,0.001294750166524999,960.9351072264542,4316.322572528859,0.4810227064301259
36.282,0.001291080223195327,960.8804638351041,4316.379065057559,0.4811117615845942
36.382,0.0012874243950108044,960.8257629795231,4316.437605292383,0.4812007876639856
36.482,0.0012837825913862824,960.7710048066555,4316.498200884415,0.4812897845516098
36.582,0.0012801547223648708,960.7161894634456,4316.560859484739,0.4813787521307765
36.682,0.0012765406986132222,960.6613170968379,4316.625588744439,0.4814676902847955
36.782,0.0012729404314168432,960.6063878537767,4316.6923963145955,0.4815565988969764
36.882,0.0012693538326754407,960.5514018812064,4316.761289846294,0.48164547785062894
36.982,0.0012657808148983356,960.4963593260712,4316.832276990618,0.4817343270290629
37.082,0.0012622212911998826,960.4412603353155,4316.90536539865,0.4818231463155879
37.182,0.0012586751752949662,960.3861050558837,4316.980562721474,0.4819119355935138
37.282,0.0012551423814945197,960.3308936347202,4317.057876610172,0.48200069474615015
37.382,0.0012516228247010722,960.2756262187693,4317.137314715829,0.48208942365680674
37.482,0.0012481164204043735,960.2203029549753,4317.218884689527,0.4821781222087933
37.582,0.0012446230846770113,960.1649239902825,4317.302594182351,0.4822667902854195
37.682,0.0012411427341701095,960.1094894716355,4317.388450845382,0.4823554277699952
37.782,0.0012376752861090435,960.0539995459784,4317.476462329705,0.4824440345458299
37.882,0.0012342206582891847,959.9984543602557,4317.566636286404,0.48253261049623347
37.982,0.001230778769071718,959.9428540614117,4317.65898036656,0.4826211555045155
38.082,0.0012273495373794567,959.8871987963906,4317.753502221259,0.48270966945398586
38.182,0.0012239328826927234,959.8314887121371,4317.850209501581,0.4827981522279542
38.282,0.0012205287250452582,959.7757239555953,4317.949109858612,0.4828866037097302
38.382,0.0012171369850201544,959.7199046737096,4318.050210943436,0.4829750237826236
38.482,0.001213757583745852,959.6640310134243,4318.153520407133,0.4830634123299441
38.582,0.001210390442892142,959.6081031216838,4318.25904590079,0.48315176923500147
38.682,0.0012070354846662296,959.5521211454325,4318.366795075488,0.4832400943811054
38.782,0.0012036926318088192,959.4960852316148,4318.47677558231,0.4833283876515655
38.882,0.0012003618075902291,959.4399955271748,4318.588995072341,0.4834166489296917
38.982,0.0011970429358065628,959.383852179057,4318.703461196665,0.4835048780987935
39.082,0.0011937359407758858,959.3276553342059,4318.820181606362,0.4835930750421808
39.182,0.0011904407473344652,959.2714051395657,4318.939163952518,0.48368123964316323
39.282,0.0011871572808330203,959.2151017420807,4319.060415886215,0.4837693717850504
39.382,0.0011838854671330139,959.1587452886953,4319.1839450585385,0.48385747135115226
39.482,0.0011806252326029868,959.1023359263539,4319.309759120569,0.4839455382247783
39.582,0.0011773765041149064,959.0458738020009,4319.437865723392,0.48403357228923843
39.682,0.001174139209040562,958.9893590625804,4319.5682725180895,0.48412157342784223
39.782,0.0011709132752479924,958.9327918550371,4319.700987155745,0.48420954152389944
39.882,0.001167698631097924,958.8761723263151,4319.836017287443,0.4842974764607198
39.982,0.0011644952054402778,958.8195006233587,4319.973370564265,0.484385378121613
