T,μ,ρ,cp,k
0.0,0.0017915688995615233,999.8432886686885,4219.434432034366,0.5556573479628834
0.1,0.001785344139198329,999.8499671839444,4219.08990003644,0.5559132417874533
0.2,0.0017791539012698228,999.856464322516,4218.747973139039,0.556168565299467
0.3,0.001772997925305361,999.8627807178513,4218.408630208943,0.5564233211102934
0.4,0.0017668759532962286,999.8689169995635,4218.071850331817,0.5566775118133002
0.5,0.0017607877296689615,999.8748737931891,4217.737612811679,0.5569311399833751
0.6,0.0017547330012580502,999.8806517202127,4217.405897180779,0.5571842081773232
0.7,0.0017487115172778297,999.8862513983504,4217.076683170388,0.5574367189341528
0.8,0.001742723029296618,999.8916734413733,4216.749950732835,0.5576886747750661
0.9,0.0017367672912109436,999.8969184590114,4216.425680033577,0.5579400782032984
1.0,0.0017308440592178913,999.9019870573568,4216.103851438009,0.5581909317048988
1.1,0.0017249530917904598,999.9068798386802,4215.784445512497,0.5584412377485038
1.2,0.001719094149652117,999.9115974014702,4215.467443029178,0.5586909987855113
1.3,0.001713266995751438,999.9161403405485,4215.152824951577,0.5589402172503013
1.4,0.0017074713952383936,999.9205092468454,4214.840572449637,0.5591888955600544
1.5,0.0017017071154385168,999.9247047078336,4214.530666874614,0.5594370361154074
1.6,0.001695973925830403,999.9287273071153,4214.223089783207,0.5596846413000421
1.7,0.001690271598019719,999.9325776250539,4213.9178228956125,0.5599317134815675
1.8,0.001684599905718945,999.9362562379823,4213.614848145488,0.5601782550106166
1.9,0.0016789586247206096,999.9397637191429,4213.314147624087,0.5604242682220573
2.0,0.001673347532877896,999.9431006378434,4213.015703624716,0.560669755434157
2.1,0.0016677664100794047,999.9462675601656,4212.719498604364,0.560914718949471
2.2,0.0016622150382279617,999.9492650487194,4212.425515201322,0.5611591610546371
2.3,0.0016566932012191994,999.9520936625113,4212.13373622975,0.5614030840202491
2.4,0.001651200684918305,999.9547539573856,4211.844144668045,0.5616464901016894
2.5,0.0016457372771400641,999.9572464856467,4211.556723671163,0.5618893815385161
2.6,0.0016403027676265174,999.9595717964023,4211.271456553577,0.5621317605551269
2.7,0.0016348969480276048,999.9617304351766,4210.988326807443,0.5623736293602226
2.8,0.0016295196118785574,999.9637229444617,4210.707318075562,0.5626149901478231
2.9,0.0016241705545806887,999.9655498634426,4210.428414169817,0.5628558450967255
3.0,0.0016188495733812623,999.9672117279874,4210.151599043584,0.5630961963707983
3.1,0.001613556467353206,999.9687090708355,4209.876856826909,0.5633360461191831
3.2,0.0016082910373759983,999.9700424214199,4209.604171803127,0.5635753964761571
3.3,0.001603053086115341,999.9712123062136,4209.333528395646,0.5638142495617385
3.4,0.0015978424180049765,999.9722192484413,4209.064911186442,0.5640526074812843
3.5,0.0015926588392273305,999.9730637682579,4208.798304905054,0.5642904723259278
3.6,0.0015875021576953025,999.9737463826316,4208.53369443172,0.5645278461724015
3.7,0.001582372183032738,999.9742676056763,4208.271064783517,0.5647647310835533
3.8,0.0015772687265578394,999.9746279481986,4208.010401134165,0.5650011291079174
3.9,0.0015721916012631618,999.9748279183464,4207.7516887815045,0.5652370422805613
4.0,0.001567140621799651,999.9748680210498,4207.494913176653,0.5654724726224738
4.1,0.0015621156044581465,999.9747487583667,4207.240059902398,0.5657074221410443
4.2,0.0015571163671526105,999.9744706293126,4206.987114684087,0.5659418928299466
4.3,0.0015521427294023608,999.9740341300737,4206.736063378036,0.5661758866695591
4.4,0.0015471945123152033,999.9734397540678,4206.48689196863,0.5664094056269304
4.5,0.0015422715385714403,999.9726879916706,4206.239586579692,0.5666424516557603
4.6,0.0015373736324068522,999.9717793304444,4205.994133463537,0.5668750266964743
4.7,0.0015325006195958913,999.9707142553326,4205.750518991317,0.5671071326768178
4.8,0.0015276523274372121,999.9694932480948,4205.508729680225,0.5673387715109933
4.9,0.0015228285847357205,999.9681167880717,4205.2687521529915,0.5675699451008736
5.0,0.0015180292217879922,999.9665853517763,4205.030573162984,0.5678006553354413
5.1,0.0015132540703669461,999.9648994128596,4204.794179591021,0.5680309040908202
5.2,0.001508502963705856,999.9630594423796,4204.559558432105,0.5682606932307718
5.3,0.0015037757364836032,999.9610659086366,4204.326696804673,0.5684900246064447
5.4,0.001499072224809129,999.9589192774223,4204.095581936499,0.5687189000568729
5.5,0.0014943922662078281,999.9566200116335,4203.8662011866245,0.568947321408449
5.6,0.0014897356996055303,999.9541685717517,4203.6385420138395,0.5691752904756674
5.7,0.0014851023653150762,999.9515654155468,4203.4125920009665,0.569402809060766
5.8,0.001480492105021343,999.9488109983076,4203.188338834473,0.569629878954176
5.9,0.001475904761768105,999.9459057725436,4202.965770325889,0.5698565019340677
6.0,0.0014713401799425678,999.9428501885492,4202.74487437666,0.570082679767296
6.1,0.0014667982052632622,999.939644693824,4202.52563901213,0.5703084142085315
6.2,0.0014622786847655425,999.9362897334025,4202.308052361308,0.5705337070009581
6.3,0.0014577814667882532,999.932785749877,4202.092102657912,0.5707585598761721
6.4,0.0014533064009601712,999.9291331834846,4201.8777782262505,0.5709829745545454
6.5,0.001448853338187601,999.925332471838,4201.665067525619,0.5712069527447853
6.6,0.0014444221306407373,999.9213840502556,4201.453959089333,0.5714304961444652
6.7,0.0014400126317411935,999.9172883516045,4201.244441560971,0.5716536064399372
6.8,0.001435624696149872,999.9130458060991,4201.036503697076,0.571876285306026
6.9,0.0014312581797527734,999.90865684202,4200.830134329918,0.5720985344071886
7.0,0.001426912939650071,999.9041218851158,4200.625322399385,0.5723203553966
7.1,0.0014225888341437736,999.8994413586913,4200.422056946453,0.5725417499164688
7.2,0.001418285722725084,999.8946156838431,4200.220327101792,0.5727627195983269
7.3,0.0014140034660629279,999.8896452792786,4200.02012209328,0.5729832660629186
7.4,0.0014097419259917335,999.8845305615034,4199.821431240177,0.5732033909204178
7.5,0.0014055009654997997,999.8792719448329,4199.624243950611,0.57342309577056
7.6,0.0014012804487186948,999.8738698410119,4199.428549736222,0.5736423822022179
7.7,0.0013970802409101687,999.8683246599562,4199.234338180195,0.5738612517943278
7.8,0.0013929002084565162,999.8626368090485,4199.041598971134,0.5740797061151662
7.9,0.001388740218848228,999.8568066937028,4198.850321874616,0.5742977467230089
8.0,0.0013846001406741116,999.8508347168888,4198.660496753952,0.5745153751656751
8.1,0.001380479843609229,999.8447212796399,4198.472113548193,0.5747325929811368
8.2,0.0013763791984047562,999.8384667808241,4198.285162283454,0.5749494016973892
8.3,0.0013722980768780728,999.8320716168234,4198.099633085068,0.5751658028319432
8.4,0.0013682363518999173,999.8255361825968,4197.915516129002,0.5753817978934571
8.5,0.0013641938973872913,999.818860870218,4197.732801710585,0.5755973883796689
8.6,0.0013601705882904014,999.8120460701484,4197.551480184637,0.5758125757793009
8.7,0.0013561663005838887,999.8050921706097,4197.371541993269,0.576027361571116
8.8,0.0013521809112560183,999.7979995579674,4197.1929776487395,0.576241747224634
8.9,0.001348214298300054,999.7907686161542,4197.015777762007,0.5764557341993066
9.0,0.0013442663407027813,999.7833997274213,4196.839933003349,0.5766693239456123
9.1,0.001340336918435839,999.7758932718976,4196.665434127069,0.5768825179045001
9.2,0.00133642591244599,999.7682496276835,4196.492271963898,0.5770953175075749
9.3,0.0013325332046455968,999.7604691708298,4196.320437423163,0.5773077241771534
9.4,0.001328658677902996,999.752552275542,4196.149921485267,0.5775197393264978
9.5,0.00132480221603329,999.7444993140896,4195.980715200274,0.5777313643598165
9.6,0.0013209637037896935,999.7363106566354,4195.812809699822,0.577942600672091
9.7,0.0013171430268539626,999.7279866714628,4195.646196186326,0.5781534496493098
9.8,0.0013133400718271307,999.7195277251269,4195.480865925364,0.5783639126688791
9.9,0.0013095547262216042,999.7109341820326,4195.316810263905,0.5785739910990261
10.0,0.0013057868784517098,999.7022064047542,4195.154020616733,0.5787836862992335
10.1,0.0013020364178249132,999.6933447541346,4194.992488460586,0.5789929996205087
10.2,0.0012983032345337967,999.6843495889887,4194.832205350318,0.579201932404936
10.3,0.0012945872196471991,999.675221266357,4194.673162902982,0.5794104859861051
10.4,0.0012908882651019896,999.6659601414038,4194.515352806235,0.5796186616891099
10.5,0.0012872062636944638,999.6565665676001,4194.358766808153,0.5798264608306514
10.6,0.0012835411090727626,999.6470408964353,4194.203396729703,0.5800338847188442
10.7,0.0012798926957283449,999.6373834776252,4194.049234457243,0.5802409346534443
10.8,0.0012762609189878964,999.6275946591848,4193.896271936829,0.5804476119260887
10.9,0.001272645675005421,999.6176747874272,4193.744501175202,0.5806539178202655
11.0,0.0012690468607549712,999.6076242066665,4193.593914254084,0.5808598536109756
11.1,0.0012654643740221299,999.5974432596258,4193.444503308309,0.5810654205652742
11.2,0.001261898113396651,999.5871322873245,4193.296260535847,0.5812706199422749
11.3,0.0012583479782651455,999.576691628888,4193.149178202621,0.5814754529928469
11.4,0.0012548138688029203,999.5661216219681,4193.003248624489,0.5816799209601936
11.5,0.001251295685967219,999.5554226023824,4192.858464183049,0.5818840250795728
11.6,0.0012477933314897125,999.5445949041734,4192.7148173243095,0.5820877665781892
11.7,0.001244306707868791,999.5336388599393,4192.57230054221,0.5822911466758347
11.8,0.0012408357183632673,999.5225548002915,4192.430906401959,0.5824941665841408
11.9,0.0012373802669839644,999.5113430546737,4192.2906275072355,0.5826968275077964
12.0,0.0012339402584883687,999.5000039503192,4192.151456544254,0.582899130643053
12.1,0.0012305155983722228,999.4885378131981,4192.013386236556,0.5831010771791202
12.2,0.0012271061928632915,999.4769449676072,4191.876409369835,0.5833026682976535
12.3,0.001223711948914713,999.4652257360708,4191.740518788705,0.5835039051726493
12.4,0.0012203327741976476,999.4533804398033,4191.605707382371,0.5837047889711157
12.5,0.0012169685770953879,999.4414093981567,4191.471968108391,0.5839053208523198
12.6,0.00121361926669626,999.4293129290264,4191.339293967025,0.5841055019684124
12.7,0.0012102847527871781,999.4170913487827,4191.207678016944,0.5843053334644095
12.8,0.0012069649458473683,999.4047449722034,4191.077113367646,0.5845048164779927
12.9,0.0012036597570420403,999.3922741124029,4190.947593185967,0.5847039521396721
13.0,0.001200369098215654,999.379679081192,4190.8191106820905,0.5849027415731115
13.1,0.0011970928818862204,999.3669601886564,4190.691659126077,0.5851011858946922
13.2,0.0011938310212387944,999.3541177434689,4190.56523183377,0.5852992862139583
13.3,0.0011905834301194063,999.3411520528118,4190.439822170143,0.5854970436335191
13.4,0.001187350023029249,999.3280634222388,4190.315423558314,0.585694459248947
13.5,0.0011841307151182951,999.3148521560255,4190.192029461042,0.5858915341491974
13.6,0.0011809254221797373,999.3015185568479,4190.0696333935375,0.5860882694163324
13.7,0.0011777340606441075,999.2880629258703,4189.9482289246625,0.5862846661256111
13.8,0.001174556547573128,999.2744855629827,4189.827809661874,0.5864807253457643
13.9,0.0011713928006544783,999.2607867664658,4189.7083692674105,0.5866764481387455
14.0,0.0011682427381958932,999.2469668331519,4189.589901451682,0.5868718355598198
14.1,0.0011651062791193396,999.2330260586419,4189.472399963666,0.5870668886580128
14.2,0.0011619833429558594,999.2189647369505,4189.3558586056315,0.5872616084755831
14.3,0.0011588738498399729,999.2047831606575,4189.240271226434,0.5874559960483097
14.4,0.0011557777205039586,999.1904816210888,4189.1256317161815,0.5876500524057009
14.5,0.0011526948762727975,999.1760604081102,4189.0119340113315,0.5878437785708867
14.6,0.0011496252390588062,999.161519810148,4188.899172096477,0.5880371755604783
14.7,0.0011465687313560976,999.1468601144281,4188.787339992451,0.5882302443851216
14.8,0.0011435252762359268,999.132081606541,4188.676431776158,0.5884229860488036
14.9,0.001140494797340761,999.1171845710662,4188.566441553548,0.5886154015497822
15.0,0.0011374772188800385,999.1021692908706,4188.457363488501,0.588807491879689
15.1,0.0011344724656241884,999.0870360479115,4188.349191771239,0.5889992580245869
15.2,0.001131480462900593,999.0717851224045,4188.241920651074,0.5891907009639078
15.3,0.0011285011365879203,999.0564167934748,4188.135544408241,0.5893818216714058
15.4,0.0011255344131115732,999.0409313388689,4188.030057369291,0.5895726211147179
15.5,0.0011225802194386161,999.0253290351101,4187.925453898623,0.5897631002556533
15.6,0.0011196384830732646,999.0096101573397,4187.821728403801,0.5899532600499999
15.7,0.0011167091320520481,998.9937749793324,4187.718875337899,0.5901431014475651
15.8,0.0011137920949386506,998.9778237739539,4187.6168891782,0.5903326253928443
15.9,0.001110887300820218,998.9617568123108,4187.51576446255,0.590521832823884
16.0,0.0011079946793017491,998.9455743646398,4187.415495750575,0.5907107246734871
16.1,0.001105114160502328,998.9292766996336,4187.31607765513,0.5908993018684164
16.2,0.0011022456750499408,998.9128640850442,4187.217504814164,0.5910875653301358
16.3,0.0010993891540777617,998.8963367870208,4187.119771919772,0.5912755159740043
16.4,0.001096544529218867,998.8796950708951,4187.0228736843565,0.5914631547103603
16.5,0.0010937117326027474,998.8629392003929,4186.926804875363,0.59165048244347
16.6,0.0010908906968502543,998.8460694383133,4186.831560284377,0.5918375000724516
16.7,0.0010880813550697564,998.8290860460825,4186.737134747893,0.5920242084907636
16.8,0.0010852836408527717,998.8119892839684,4186.643523138499,0.592210608586474
16.9,0.0010824974882696595,998.7947794111102,4186.550720360091,0.592396701242322
17.0,0.001079722831865588,998.7774566854387,4186.45872135646,0.5925824873356667
17.1,0.0010769596066564908,998.7600213636312,4186.36752110936,0.592767967738441
17.2,0.0010742077481248847,998.7424737011912,4186.277114637222,0.5929531433172632
17.3,0.0010714671922156616,998.7248139526655,4186.187496984512,0.5931380149338086
17.4,0.0010687378753325269,998.7070423712046,4186.098663240909,0.5933225834441964
17.5,0.0010660197343337124,998.6891592089022,4186.010608526989,0.5935068496994811
17.6,0.0010633127065280848,998.671164716797,4185.923327995477,0.5936908145456771
17.7,0.0010606167296714898,998.6530591446647,4185.836816836758,0.5938744788235358
17.8,0.0010579317419627183,998.6348427411793,4185.75107027605,0.5940578433687819
17.9,0.0010552576820397,998.6165157540357,4185.666083565154,0.59424090901223
18.0,0.0010525944889760162,998.5980784295327,4185.581852001468,0.5944236765793934
18.1,0.0010499421022767677,998.5795310131527,4185.498370903217,0.5946061468911018
18.2,0.0010473004618751307,998.5608737492321,4185.4156356242465,0.5947883207632592
18.3,0.0010446695081288975,998.5421068807553,4185.333641560307,0.5949701990064725
18.4,0.0010420491818164,998.5232306499485,4185.252384127654,0.5951517824269749
18.5,0.0010394394241332826,998.5042452978096,4185.171858779298,0.595333071825868
18.6,0.0010368401766889127,998.4851510642303,4185.092061002744,0.5955140679994836
18.7,0.0010342513815027605,998.4659481881131,4185.01298631226,0.595694771739437
18.8,0.0010316729810010126,998.4466369072852,4184.934630256015,0.5958751838326147
18.9,0.0010291049180131521,998.4272174584795,4184.856988413468,0.5960553050611065
19.0,0.0010265471357685247,998.4076900773956,4184.780056394594,0.5962351362023801
19.1,0.0010239995778929135,998.3880549987354,4184.703829839224,0.5964146780292557
19.2,0.0010214621884052544,998.368312456192,4184.628304415304,0.5965939313100368
19.3,0.001018934911714494,998.3484626822118,4184.553475829543,0.596772896808128
19.4,0.0010164176926159185,998.3285059085765,4184.479339806161,0.596951575282809
19.5,0.0010139104762882727,998.3084423658161,4184.405892105986,0.5971299674886235
19.6,0.001011413208290536,998.2882722834094,4184.33312852266,0.5973080741754786
19.7,0.001008925834558497,998.2679958899644,4184.261044872196,0.5974858960890527
19.8,0.0010064483014017933,998.2476134130903,4184.189637001481,0.5976634339705499
19.9,0.0010039805555007851,998.2271250793029,4184.118900788485,0.5978406885566679
20.0,0.0010015225439034372,998.2065311142039,4184.048832137797,0.5980176605798297
20.1,0.0009990742140222333,998.1858317424417,4183.979426980954,0.5981943507681095
20.2,0.00099663551363126,998.1650271875772,4183.910681282105,0.5983707598451751
20.3,0.0009942063908630482,998.1441176723367,4183.842591028312,0.5985468885305579
20.4,0.0009917867942057402,998.1231034184237,4183.775152235906,0.5987227375394353
20.5,0.0009893766725001263,998.1019846465272,4183.708360951461,0.5988983075827271
20.6,0.0009869759749366674,998.0807615764681,4183.642213245447,0.5990735993672381
20.7,0.000984584651052661,998.05943442715,4183.576705214166,0.5992486135956165
20.8,0.0009822026507294377,998.0380034163624,4183.511832987667,0.5994233509661837
20.9,0.000979829924189346,998.0164687612278,4183.4475927126905,0.5995978121734789
21.0,0.0009774664219932712,997.994830677637,4183.383980572861,0.5997719979075316
21.1,0.0009751120950374783,997.973089380817,4183.320992768842,0.5999459088547252
21.2,0.0009727668945511634,997.951245084963,4183.258625532237,0.6001195456971681
21.3,0.0009704307720936452,997.9292980033019,4183.196875121569,0.600292909112969
21.4,0.0009681036795515732,997.9072483482463,4183.1357378176235,0.6004659997763087
21.5,0.0009657855691363517,997.8850963313171,4183.07520992753,0.6006388183575037
21.6,0.0009634763933815498,997.8628421629902,4183.0152877873,0.6008113655226806
21.7,0.0009611761051401138,997.8404860530296,4182.955967753011,0.6009836419343488
21.8,0.0009588846575819199,997.818028210213,4182.897246208554,0.6011556482510079
21.9,0.0009566020041911399,997.7954688424436,4182.839119561714,0.6013273851272782
22.0,0.0009543280987636756,997.7728081568191,4182.781584243425,0.6014988532141143
22.1,0.0009520628954047281,997.7500463594381,4182.724636713175,0.6016700531584435
22.2,0.0009498063485261963,997.7271836556191,4182.668273451311,0.6018409856035781
22.3,0.0009475584128442435,997.704220249794,4182.612490963854,0.6020116511890553
22.4,0.0009453190433768296,997.6811563456155,4182.557285776485,0.6021820505507474
22.5,0.0009430881954413634,997.657992145686,4182.502654447335,0.6023521843205716
22.6,0.0009408658246521678,997.6347278519695,4182.448593549004,0.6025220531271118
22.7,0.0009386518869181591,997.611363665509,4182.395099681381,0.6026916575951313
22.8,0.0009364463384405654,997.5878997863865,4182.342169472025,0.6028609983456477
22.9,0.0009342491357103368,997.5643364142024,4182.289799558181,0.6030300759964864
23.0,0.0009320602355062286,997.5406737472525,4182.237986617589,0.6031988911613416
23.1,0.0009298795948920892,997.5169119833647,4182.186727337885,0.6033674444507757
23.2,0.0009277071712148482,997.4930513194221,4182.136018433423,0.6035357364716442
23.3,0.0009255429221021959,997.4690919514793,4182.085856642414,0.603703767827317
23.4,0.0009233868054602918,997.4450340748522,4182.036238720759,0.6038715391177372
23.5,0.0009212387794716483,997.4208778839725,4181.987161451963,0.6040390509393375
23.6,0.0009190988025928882,997.3966235724581,4181.938621640042,0.6042063038850183
23.7,0.0009169668335525526,997.3722713332324,4181.890616107596,0.6043732985444584
23.8,0.0009148428313489821,997.3478213583562,4181.843141701569,0.6045400355038271
23.9,0.0009127267552481967,997.3232738390695,4181.796195291743,0.6047065153458907
24.0,0.0009106185647817215,997.2986289659572,4181.749773764042,0.604872738650219
24.1,0.0009085182197446029,997.2738869286659,4181.703874032236,0.6050387059928443
24.2,0.0009064256801932236,997.2490479161777,4181.658493025936,0.6052044179466839
24.3,0.0009043409064433139,997.2241121166105,4181.613627700554,0.6053698750811911
24.4,0.0009022638590678695,997.1990797174537,4181.569275025329,0.6055350779627746
24.5,0.0009001944988951987,997.1739509052966,4181.525431997587,0.6057000271544233
24.6,0.0008981327870068705,997.1487258660586,4181.482095630256,0.6058647232159785
24.7,0.0008960786847357535,997.1234047848304,4181.439262959423,0.6060291667040332
24.8,0.0008940321536640384,997.0979878460647,4181.396931037913,0.6061933581721413
24.9,0.0008919931556213371,997.0724752333222,4181.355096943788,0.6063572981704858
25.0,0.0008899616526826715,997.0468671295807,4181.3137577691,0.6065209872463609
25.1,0.0008879376071667019,997.021163716918,4181.272910632099,0.6066844259436869
25.2,0.0008859209816336881,996.9953651767876,4181.232552666079,0.6068476148034897
25.3,0.0008839117388836771,996.9694716899083,4181.192681024995,0.6070105543636444
25.4,0.0008819098419546785,996.9434834362429,4181.153292882151,0.6071732451589957
25.5,0.0008799152541207635,996.9174005949752,4181.114385438998,0.6073356877212368
25.6,0.0008779279388902708,996.8912233447662,4181.075955890266,0.6074978825793156
25.7,0.0008759478600040276,996.8649518632812,4181.038001479576,0.6076598302588521
25.8,0.0008739749814334838,996.8385863277247,4181.000519453757,0.6078215312827558
25.9,0.0008720092673789966,996.8121269144652,4180.963507082889,0.6079829861708348
26.0,0.0008700506822680612,996.7855737991837,4180.926961654705,0.6081441954399911
26.1,0.0008680991907535234,996.7589271568996,4180.890880474948,0.6083051596042752
26.2,0.0008661547577119292,996.7321871619024,4180.855260869172,0.6084658791747382
26.3,0.0008642173482417407,996.7053539878048,4180.820100179552,0.6086263546596333
26.4,0.000862286927661654,996.678427807573,4180.785395765948,0.6087865865643551
26.5,0.0008603634615089629,996.6514087933779,4180.751145010769,0.6089465753913454
26.6,0.0008584469155378438,996.6242971168018,4180.717345309669,0.6091063216403245
26.7,0.0008565372557177018,996.5970929487258,4180.683994078303,0.609265825808187
26.8,0.0008546344482315459,996.5697964593735,4180.651088748618,0.6094250883890572
26.9,0.0008527384594743918,996.5424078182243,4180.618626773407,0.609584109874185
27.0,0.0008508492560515861,996.5149271942705,4180.586605616054,0.6097428907523053
27.1,0.0008489668047773081,996.4873547555646,4180.555022768337,0.6099014315090961
27.2,0.0008470910726728607,996.459690669806,4180.523875726781,0.6100597326278624
27.3,0.0008452220269652395,996.4319351038032,4180.493162014845,0.6102177945889036
27.4,0.0008433596350854824,996.4040882238392,4180.462879167978,0.6103756178700896
27.5,0.0008415038646671825,996.3761501954472,4180.43302474205,0.6105332029463997
27.6,0.0008396546835449102,996.3481211836541,4180.403596304759,0.6106905502903894
27.7,0.000837812059752784,996.3200013526754,4180.374591447961,0.6108476603717652
27.8,0.0008359759615228723,996.291790866281,4180.346007770913,0.6110045336578799
27.9,0.0008341463572837802,996.2634898874306,4180.317842897611,0.6111611706132478
28.0,0.0008323232156591479,996.2350985785345,4180.290094464167,0.6113175716999342
28.1,0.0008305065054661976,996.2066171013995,4180.262760123788,0.6114737373774456
28.2,0.0008286961957142904,996.178045617114,4180.235837547014,0.6116296681026561
28.3,0.0008268922556034619,996.1493842862461,4180.20932441883,0.6117853643300302
28.4,0.0008250946545230499,996.1206332686834,4180.183218441302,0.6119408265114457
28.5,0.0008233033620502232,996.0917927237504,4180.157517331359,0.6120960550963345
28.6,0.0008215183479486606,996.062862810044,4180.132218824741,0.6122510505315448
28.7,0.0008197395821670818,996.0338436856515,4180.1073206701385,0.6124058132615332
28.8,0.0008179670348379447,996.0047355080893,4180.0828206308,0.6125603437284017
28.9,0.0008162006762760357,995.975538434191,4180.058716487882,0.6127146423717168
29.0,0.0008144404769771505,995.9462526201362,4180.035006046854,0.6128687096285315
29.1,0.0008126864076167205,995.916878221678,4180.011687102937,0.6130225459337155
29.2,0.0008109384390485387,995.8874153938482,4179.988757489543,0.6131761517196361
29.3,0.0008091965423033898,995.8578642911298,4179.9662150484055,0.6133295274163126
29.4,0.0008074606885877947,995.8282250673735,4179.94405763671,0.6134826734513691
29.5,0.0008057308492826654,995.7984978759265,4179.922283125042,0.613635590250161
29.6,0.0008040069959420764,995.7686828694434,4179.9008894022245,0.6137882782356304
29.7,0.0008022891002919573,995.7387802001284,4179.87987436682,0.6139407378285356
29.8,0.0008005771342288609,995.7087900194537,4179.859235938571,0.6140929694471605
29.9,0.0007988710698186665,995.678712478515,4179.838972044391,0.6142449735077592
30.0,0.0007971708792954012,995.6485477276864,4179.819080630238,0.614396750424133
30.1,0.0007954765350599905,995.6182959167764,4179.799559657939,0.6145483006078233
30.2,0.0007937880096790085,995.5879571951139,4179.780407099739,0.6146996244682611
30.3,0.0007921052758835149,995.5575317114291,4179.761620943659,0.614850722412598
30.4,0.0007904283065678429,995.5270196138783,4179.743199191943,0.6150015948457496
30.5,0.0007887570747884059,995.4964210500665,4179.725139861609,0.6151522421704919
30.6,0.0007870915537625361,995.4657361669842,4179.707440985195,0.6153026647872859
30.7,0.0007854317168672819,995.4349651112408,4179.690100603356,0.615452863094688
30.8,0.000783777537638319,995.4041080287028,4179.673116777147,0.6156028374888306
30.9,0.0007821289897687189,995.3731650648614,4179.656487576116,0.6157525883639475
31.0,0.0007804860471078873,995.3421363645551,4179.6402110862955,0.6159021161119806
31.1,0.0007788486836604052,995.31102207204,4179.624285409883,0.616051421122748
31.2,0.000777216873584878,995.2798223312224,4179.608708655331,0.6162005037841677
31.3,0.0007755905911929,995.248537285281,4179.593478951285,0.6163493644818798
31.4,0.0007739698109478873,995.2171670769461,4179.578594437129,0.6164980035995004
31.5,0.0007723545074640217,995.1857118484722,4179.564053263368,0.6166464215187116
31.6,0.0007707446555051715,995.154171741447,4179.54985359861,0.6167946186189619
31.7,0.0007691402299838016,995.1225468970355,4179.5359936207715,0.616942595277787
31.8,0.000767541205959926,995.0908374558857,4179.5224715217155,0.6170903518707056
31.9,0.0007659475586400463,995.0590435580615,4179.50928550692,0.617237888771183
32.0,0.0007643592633761052,995.0271653431872,4179.496433793186,0.6173852063507618
32.1,0.000762776295664457,994.995202950348,4179.483914610514,0.617532304978984
32.2,0.0007611986311448453,994.9631565180587,4179.471726203897,0.6176791850233572
32.3,0.0007596262455993471,994.9310261843616,4179.459866829477,0.6178258468494854
32.4,0.0007580591149514239,994.8988120868906,4179.448334752865,0.6179722908211438
32.5,0.0007564972152648539,994.8665143625725,4179.437128258713,0.6181185172999205
32.6,0.0007549405227427831,994.8341331480199,4179.426245638247,0.6182645266457574
32.7,0.0007533890137267345,994.8016685792477,4179.415685198018,0.6184103192165241
32.8,0.0007518426646956024,994.7691207918311,4179.405445254658,0.6185558953683158
32.9,0.0007503014522647097,994.7364899207399,4179.395524141326,0.618701255455173
33.0,0.0007487653531848401,994.7037761006308,4179.38592019695,0.6188463998295111
33.1,0.0007472343443412783,994.6709794655551,4179.3766317762775,0.6189913288417336
33.2,0.0007457084027528628,994.6381001490062,4179.367657248731,0.6191360428403363
33.3,0.0007441875055710641,994.6051382841505,4179.3589949903335,0.6192805421721731
33.4,0.0007426716300790305,994.5720940035828,4179.350643391756,0.6194248271821563
33.5,0.0007411607536906919,994.5389674394738,4179.342600853201,0.6195688982134472
33.6,0.0007396548539498132,994.5057587234209,4179.3348657909955,0.6197127556073385
33.7,0.0007381539085291257,994.4724679866565,4179.327436627664,0.6198563997034294
33.8,0.0007366578952293796,994.439095359839,4179.320311802214,0.6199998308394539
33.9,0.0007351667919785038,994.4056409732412,4179.313489761558,0.6201430493514604
34.0,0.0007336805768306636,994.3721049565995,4179.306968966055,0.6202860555737006
34.1,0.0007321992279654324,994.338487439224,4179.3007478866975,0.6204288498386817
34.2,0.0007307227236868895,994.3047885499227,4179.294825006629,0.6205714324772107
34.3,0.0007292510424227798,994.2710084171558,4179.289198816484,0.6207138038184505
34.4,0.0007277841627236148,994.237147168731,4179.28386782447,0.6208559641896539
34.5,0.0007263220632618907,994.203204932174,4179.278830544529,0.6209979139165669
34.6,0.00072486472283116,994.1691818344233,4179.274085504906,0.6211396533231437
34.7,0.0007234121203452705,994.1350780020724,4179.269631242111,0.621281182731734
34.8,0.0007219642348374963,994.1008935611993,4179.265466305589,0.6214225024629937
34.9,0.0007205210454597225,994.0666286374617,4179.2615892541435,0.6215636128359356
35.0,0.0007190825314816207,994.0322833560081,4179.257998660176,0.6217045141678704
35.1,0.0007176486722898677,993.9978578416668,4179.254693101903,0.621845206774606
35.2,0.0007162194473872924,993.9633522186474,4179.251671174643,0.6219856909701403
35.3,0.0007147948363921431,993.928766610895,4179.248931478258,0.622125967067057
35.4,0.0007133748190372428,993.894101141834,4179.246472625279,0.6222660353762618
35.5,0.000711959375169218,993.8593559343941,4179.244293241853,0.622405896206969
35.6,0.0007105484847477402,993.8245311111973,4179.242391959011,0.6225455498669918
35.7,0.0007091421278447504,993.7896267943438,4179.240767421657,0.6226849966624423
35.8,0.0007077402846436723,993.7546431055524,4179.239418283823,0.6228242368979702
35.9,0.0007063429354386453,993.7195801660292,4179.238343211516,0.6229632708765334
36.0,0.0007049500606338301,993.6844380966231,4179.237540879941,0.623102098899636
36.1,0.0007035616407426057,993.6492170177773,4179.237009972137,0.6232407212673127
36.2,0.0007021776563868407,993.6139170494614,4179.236749184225,0.6233791382779702
36.3,0.0007007980882961743,993.578538311243,4179.236757221007,0.6235173502285574
36.4,0.0006994229173072593,993.5430809223064,4179.237032796441,0.6236553574145393
36.5,0.0006980521243630637,993.5075450013371,4179.237574636708,0.6237931601298256
36.6,0.0006966856905121425,993.4719306666532,4179.238381476377,0.6239307586668742
36.7,0.0006953235969079134,993.4362380361498,4179.239452060324,0.6240681533166533
36.8,0.0006939658248079913,993.4004672273988,4179.240785139669,0.6242053443687968
36.9,0.0006926123555734139,993.3646183573599,4179.242379482511,0.6243423321112119
37.0,0.0006912631706680378,993.3286915427959,4179.244233858925,0.6244791168306315
37.1,0.0006899182516577582,993.2926868999433,4179.246347053485,0.6246156988122094
37.2,0.000688577580209885,993.2566045446322,4179.248717859085,0.624752078339659
37.3,0.0006872411380924609,993.2204445924045,4179.251345075193,0.6248882556954303
37.4,0.0006859089071735333,993.1842071582427,4179.254227515568,0.6250242311603542
37.5,0.0006845808694205724,993.1478923568988,4179.257363998036,0.6251600050140692
37.6,0.0006832570068996902,993.1115003025091,4179.260753356496,0.6252955775345533
37.7,0.0006819373017751171,993.0750311090334,4179.264394426987,0.6254309489986707
37.8,0.0006806217363084636,993.0384848899708,4179.268286056991,0.6255661196818554
37.9,0.0006793102928580587,993.001861758325,4179.272427106715,0.6257010898579858
38.0,0.0006780029538783763,992.9651618268297,4179.276816441324,0.6258358597998002
38.1,0.0006766997019193456,992.9283852078158,4179.281452935325,0.6259704297786292
38.2,0.0006754005196257353,992.8915320131823,4179.286335473952,0.6261048000644138
38.3,0.0006741053897365213,992.8546023544806,4179.29146294978,0.6262389709258344
38.4,0.0006728142950842576,992.8175963428415,4179.296834265932,0.6263729426301702
38.5,0.000671527218594476,992.7805140890597,4179.302448332521,0.6265067154434527
38.6,0.0006702441432850542,992.743355703522,4179.308304069613,0.626640289630383
38.7,0.0006689650522656107,992.7061212962184,4179.314400406082,0.6267736654543179
38.8,0.0006676899287369171,992.6688109768156,4179.320736278611,0.6269068431774291
38.9,0.0006664187559902788,992.6314248546087,4179.327310631754,0.6270398230605566
39.0,0.0006651515174069461,992.5939630384522,4179.334122420507,0.6271726053632353
39.1,0.0006638881964575009,992.5564256368392,4179.341170609,0.627305190343719
39.2,0.0006626287767013438,992.5188127579554,4179.348454167172,0.6274375782591034
39.3,0.000661373241786034,992.481124509617,4179.355972073502,0.6275697693651971
39.4,0.0006601215754467301,992.4433609991852,4179.363723318118,0.6277017639164939
39.5,0.0006588737615056612,992.4055223337353,4179.371706895798,0.6278335621663148
39.6,0.000657629783871503,992.3676086199793,4179.3799218108325,0.6279651643668045
39.7,0.0006563896265388487,992.3296199642396,4179.388367076234,0.6280965707687958
39.8,0.0006551532735876448,992.2915564724773,4179.397041713124,0.6282277816219695
39.9,0.000653920709182607,992.2534182502753,4179.405944751264,0.6283587971747528
40.0,0.0006526919175727223,992.2152054029466,4179.415075226118,0.6284896176744597
40.1,0.00065146688309065,992.1769180353149,4179.424432184946,0.6286202433670998
40.2,0.0006502455901522292,992.1385562519978,4179.434014678736,0.6287506744976353
40.3,0.000649028023255886,992.1001201571581,4179.443821769517,0.6288809113097824
40.4,0.0006478141669821417,992.0616098546318,4179.453852526468,0.6290109540460953
40.5,0.000646604005993066,992.0230254479203,4179.464106025981,0.6291408029479681
40.6,0.0006453975250317634,991.984367040196,4179.4745813518975,0.6292704582557083
40.7,0.000644194708921807,991.9456347342029,4179.485277598347,0.6293999202083372
40.8,0.0006429955425667874,991.9068286324565,4179.4961938634615,0.6295291890439305
40.9,0.0006418000109497592,991.8679488370364,4179.50732925609,0.6296582649992833
41.0,0.000640608099132725,991.8289954497201,4179.518682891489,0.629787148310119
41.1,0.0006394197922561412,991.7899685719284,4179.530253892497,0.6299158392110684
41.2,0.0006382350755384267,991.7508683047845,4179.542041389007,0.6300443379356484
41.3,0.0006370539342754392,991.7116947490283,4179.554044519387,0.630172644716276
41.4,0.0006358763538399978,991.6724480050887,4179.566262428679,0.6303007597842437
41.5,0.0006347023196813634,991.6331281729996,4179.578694271296,0.6304286833697362
41.6,0.0006335318173248274,991.5937353526007,4179.591339204787,0.6305564157019972
41.7,0.0006323648323711114,991.5542696432374,4179.604196398716,0.6306839570090269
41.8,0.0006312013504959796,991.5147311440375,4179.617265027363,0.6308113075178641
41.9,0.0006300413574497432,991.4751199537617,4179.630544271991,0.6309384674544561
42.0,0.0006288848390567425,991.4354361708351,4179.644033322728,0.6310654370437025
42.1,0.0006277317812149305,991.3956798933798,4179.657731375188,0.6311922165094663
42.2,0.0006265821698953764,991.355851219173,4179.671637633268,0.6313188060745482
42.3,0.0006254359911418208,991.3159502456749,4179.685751307532,0.6314452059607398
42.4,0.0006242932310702007,991.2759770700512,4179.700071614473,0.6315714163888116
42.5,0.000623153875868182,991.2359317890623,4179.714597781,0.6316974375784457
42.6,0.0006220179117947691,991.1958144992793,4179.729329035996,0.6318232697484328
42.7,0.0006208853251797755,991.1556252968533,4179.744264619187,0.6319489131164653
42.8,0.0006197561024233994,991.115364277615,4179.759403777009,0.6320743678992051
42.9,0.0006186302299958563,991.0750315372036,4179.774745758445,0.6321996343124993
43.0,0.0006175076944368095,991.0346271707735,4179.790289825458,0.6323247125709545
43.1,0.0006163884823550458,990.9941512732881,4179.8060352423545,0.6324496028883964
43.2,0.0006152725804279833,990.953603939352,4179.821981281694,0.632574305477576
43.3,0.000614159975401266,990.9129852632748,4179.8381272226625,0.632698820550316
43.4,0.0006130506540883075,990.8722953390192,4179.854472351713,0.6328231483174137
43.5,0.0006119446033699364,990.8315342603638,4179.871015958445,0.6329472889888711
43.6,0.0006108418101938766,990.7907021206134,4179.8877573440805,0.6330712427735341
43.7,0.000609742261574416,990.7497990128746,4179.904695813289,0.6331950098794357
43.8,0.0006086459445919365,990.7088250299125,4179.921830677974,0.6333185905136112
43.9,0.0006075528463925438,990.6677802642146,4179.939161256269,0.6334419848822108
44.0,0.0006064629541876157,990.6266648079112,4179.956686873845,0.6335651931903604
44.1,0.0006053762552534598,990.5854787529271,4179.974406860197,0.6336882156424132
44.2,0.0006042927369308219,990.5442221907704,4179.992320554761,0.6338110524416383
44.3,0.0006032123866246023,990.5028952128127,4180.010427298388,0.6339337037906158
44.4,0.0006021351918033291,990.4614979099532,4180.028726443366,0.6340561698907763
44.5,0.0006010611399988798,990.4200303729137,4180.047217344961,0.6341784509428109
44.6,0.0005999902188060081,990.3784926920762,4180.065899365724,0.6343005471464813
44.7,0.000598922415882021,990.3368849575646,4180.084771873436,0.6344224587006531
44.8,0.0005978577189463144,990.2952072591277,4180.103834244661,0.634544185803269
44.9,0.0005967961157801025,990.2534596863486,4180.123085858068,0.6346657286515094
45.0,0.0005957375942259171,990.2116423284144,4180.142526101685,0.6347870874415514
45.1,0.0005946821421873129,990.1697552742704,4180.162154368216,0.6349082623687825
45.2,0.0005936297476284826,990.1277986125975,4180.181970055507,0.6350292536277506
45.3,0.000592580398573837,990.0857724317208,4180.201972569821,0.6351500614120633
45.4,0.0005915340831077197,990.0436768197885,4180.222161319649,0.635270685914616
45.5,0.0005904907893739462,990.0015118645688,4180.242535722518,0.6353911273273263
45.6,0.0005894505055754952,989.9592776535366,4180.263095202432,0.6355113858412798
45.7,0.0005884132199741827,989.9169742740346,4180.283839184013,0.6356314616468975
45.8,0.0005873789208902087,989.8746018129578,4180.304767103222,0.635751354933577
45.9,0.0005863475967018643,989.8321603569638,4180.325878400338,0.6358710658899296
46.0,0.0005853192358452062,989.7896499925255,4180.3471725186055,0.6359905947038806
46.1,0.000584293826813612,989.7470708057024,4180.368648911544,0.6361099415623745
46.2,0.0005832713581575472,989.7044228824243,4180.390307032632,0.6362291066517153
46.3,0.0005822518184841038,989.6617063081915,4180.412146347085,0.6363480901572063
46.4,0.0005812351964567659,989.6189211683642,4180.434166320736,0.6364668922635657
46.5,0.0005802214807949783,989.5760675479455,4180.456366427956,0.6365855131545569
46.6,0.000579210660273862,989.5331455316954,4180.478746147601,0.6367039530132226
46.7,0.00057820272372388,989.4901552041403,4180.501304963028,0.6368222120218541
46.8,0.0005771976600304749,989.4470966494907,4180.524042364313,0.6369402903619346
46.9,0.0005761954581337278,989.403969951665,4180.5469578478505,0.6370581882141083
47.0,0.0005751961070281137,989.3607751944326,4180.570050911784,0.6371759057584204
47.1,0.0005741995957620483,989.3175124611529,4180.593321063839,0.6372934431739824
47.2,0.0005732059134376668,989.2741818349959,4180.616767814889,0.6374108006392231
47.3,0.0005722150492104711,989.2307833988939,4180.640390680442,0.6375279783318455
47.4,0.0005712269922889732,989.1873172354459,4180.664189183327,0.6376449764287524
47.5,0.0005702417319344408,989.1437834270295,4180.688162850124,0.6377617951061083
47.6,0.0005692592574605344,989.100182055773,4180.712311212684,0.6378784345393989
47.7,0.0005682795582330235,989.0565132035397,4180.736633807819,0.6379948949033374
47.8,0.0005673026236694536,989.012776951897,4180.761130178958,0.638111176371848
47.9,0.000566328443238832,988.9689733821679,4180.785799873808,0.6382272791181929
48.0,0.0005653570064613947,988.9251025755037,4180.8106424429925,0.6383432033149956
48.1,0.0005643883029081698,988.8811646126566,4180.835657446375,0.6384589491339676
48.2,0.000563422322200814,988.8371595742443,4180.86084444504,0.6385745167462776
48.3,0.0005624590540112133,988.7930875405739,4180.886203007051,0.6386899063223391
48.4,0.000561498488061226,988.7489485916929,4180.911732705336,0.6388051180317983
48.5,0.0005605406141224215,988.7047428074744,4180.937433115819,0.6389201520437578
48.6,0.0005595854220156798,988.6604702674153,4180.963303822595,0.6390350085264364
48.7,0.0005586329016110227,988.616131050867,4180.989344412103,0.6391496876474863
48.8,0.0005576830428272439,988.5717252368785,4181.015554476614,0.639264189573844
48.9,0.0005567358356316723,988.5272529042961,4181.041933612401,0.6393785144717958
49.0,0.0005557912700398196,988.4827141316574,4181.068481421689,0.6394926625068785
49.1,0.0005548493361151894,988.4381089973303,4181.095197509975,0.6396066338440537
49.2,0.0005539100239689103,988.3934375793835,4181.122081488825,0.6397204286475456
49.3,0.0005529733237594962,988.3486999556432,4181.149132973872,0.6398340470809286
49.4,0.000552039225692567,988.3038962037051,4181.176351586139,0.6399474893071222
49.5,0.0005511077200205776,988.2590264009525,4181.20373694917,0.6400607554884152
49.6,0.000550178797042522,988.2140906244689,4181.231288694029,0.6401738457864106
49.7,0.0005492524471036804,988.1690889511336,4181.2590064543,0.6402867603620666
49.8,0.0005483286605953587,988.1240214576203,4181.286889868033,0.6403994993757811
49.9,0.0005474074279545678,988.0788882202693,4181.314938579687,0.640512062987155
50.0,0.0005464887396638254,988.0336893152546,4181.343152236955,0.6406244513552671
50.1,0.0005455725862508648,987.9884248185289,4181.371530490953,0.6407366646385901
50.2,0.0005446589582883286,987.9430948057255,4181.40007300025,0.6408487029948453
50.3,0.0005437478463936131,987.8976993523657,4181.428779423473,0.640960566581303
50.4,0.0005428392412284816,987.852238533632,4181.457649427702,0.641072255554473
50.5,0.0005419331334988888,987.806712424499,4181.486682682346,0.6411837700702837
50.6,0.0005410295139547134,987.7611210997318,4181.51587886212,0.6412951102840792
50.7,0.0005401283733894914,987.7154646338563,4181.54523764482,0.6414062763505946
50.8,0.0005392297026401897,987.6697431012085,4181.574758712087,0.6415172684240068
50.9,0.0005383334925868766,987.6239565757824,4181.604441753084,0.6416280866577483
51.0,0.0005374397341525687,987.578105131422,4181.63428645856,0.6417387312047642
51.1,0.0005365484183029725,987.5321888417863,4181.6642925226,0.6418492022174559
51.2,0.0005356595360461574,987.486207780209,4181.694459646204,0.6419594998475121
51.3,0.0005347730784324092,987.4401620198763,4181.724787532332,0.6420696242461306
51.4,0.0005338890365539107,987.3940516336714,4181.7552758901365,0.6421795755638442
51.5,0.0005330074015445817,987.3478766943589,4181.785924429633,0.6422893539507396
51.6,0.000532128164579761,987.3016372744012,4181.816732867748,0.6423989595562151
51.7,0.0005312513168759945,987.2553334460291,4181.847700925492,0.6425083925291072
51.8,0.0005303768496908441,987.2089652813128,4181.878828325907,0.6426176530177468
51.9,0.0005295047543225839,987.1625328520474,4181.91011479779,0.6427267411698596
52.0,0.0005286350221100364,987.1160362298531,4181.941560072778,0.6428356571326314
52.1,0.00052776764443227,987.0694754860812,4181.973163887535,0.6429444010526543
52.2,0.0005269026127084393,987.0228506919152,4182.004925981395,0.643052973076046
52.3,0.000526039918397503,986.9761619182727,4182.036846098922,0.6431613733482785
52.4,0.000525179552998036,986.9294092359103,4182.06892398689,0.6432696020143904
52.5,0.0005243215080479646,986.8825927152942,4182.101159398607,0.6433776592187375
52.6,0.0005234657751244056,986.83571242677,4182.133552087575,0.6434855451052923
52.7,0.0005226123458433595,986.7887684403621,4182.166101814786,0.6435932598173637
52.8,0.0005217612118595611,986.7417608259428,4182.198808343196,0.6437008034977738
52.9,0.000520912364866254,986.6946896532052,4182.2316714384615,0.6438081762888872
53.0,0.00052006579659493,986.6475549915594,4182.264690871905,0.6439153783324384
53.1,0.0005192214988151282,986.6003569102073,4182.2978664185375,0.6440224097696481
53.2,0.0005183794633342809,986.5530954782216,4182.331197854902,0.6441292707413355
53.3,0.0005175396819973934,986.5057707643604,4182.36468496404,0.6442359613876538
53.4,0.0005167021466869378,986.4583828372579,4182.398327530317,0.6443424818483576
53.5,0.0005158668493225648,986.410931765295,4182.43212534287,0.6444488322626513
53.6,0.000515033781860938,986.3634176166452,4182.466078194394,0.644555012769204
53.7,0.0005142029362954892,986.315840459258,4182.500185881759,0.6446610235062014
53.8,0.0005133743046562971,986.2682003609585,4182.534448203212,0.6447668646113803
53.9,0.0005125478790097576,986.2204973892609,4182.568864963349,0.6448725362219068
54.0,0.0005117236514584787,986.1727316115471,4182.603435968215,0.6449780384745055
54.1,0.000510901614141055,986.124903094995,4182.638161027465,0.6450833715054337
54.2,0.0005100817592318114,986.0770119064962,4182.673039956375,0.6451885354503388
54.3,0.0005092640789406965,986.0290581128272,4182.708072571489,0.6452935304445022
54.4,0.0005084485655130354,985.9810417805671,4182.743258692253,0.6453983566227363
54.5,0.0005076352112293014,985.9329629760194,4182.778598144177,0.6455030141192957
54.6,0.0005068240084049849,985.8848217653464,4182.814090753884,0.6456075030679923
54.7,0.0005060149493903612,985.8366182144939,4182.849736352454,0.6457118236021793
54.8,0.0005052080265703004,985.7883523892035,4182.885534773782,0.6458159758547333
54.9,0.0005044032323640924,985.7400243550356,4182.921485855171,0.6459199599580702
55.0,0.0005036005592252332,985.6916341773344,4182.95758943741,0.646023776044145
55.1,0.0005027999996412496,985.6431819212419,4182.993845365002,0.6461274242444194
55.2,0.0005020015461335267,985.5946676517462,4183.030253484081,0.6462309046899675
55.3,0.0005012051912570712,985.5460914335706,4183.066813646685,0.6463342175113121
55.4,0.0005004109276003903,985.497453331309,4183.103525705408,0.646437362838637
55.5,0.0004996187477852792,985.4487534093505,4183.140389516766,0.6465403408016072
55.6,0.0004988286444665967,985.3999917318404,4183.177404942216,0.646643151529439
55.7,0.0004980406103321621,985.3511683627935,4183.214571843709,0.6467457951509558
55.8,0.000497254638102507,985.3022833659774,4183.251890088797,0.6468482717944563
55.9,0.0004964707205307453,985.2533368050251,4183.289359545969,0.6469505815879075
56.0,0.0004956888504023552,985.204328743332,4183.326980088497,0.6470527246587643
56.1,0.0004949090205350312,985.1552592441321,4183.3647515915445,0.6471547011340957
56.2,0.0004941312237784921,985.1061283704582,4183.402673934022,0.647256511140512
56.3,0.0004933554530143033,985.0569361851371,4183.440746998294,0.6473581548041966
56.4,0.0004925817011557383,985.0076827508669,4183.4789706678575,0.6474596322509543
56.5,0.0004918099611475298,984.9583681300675,4183.517344831945,0.6475609436060962
56.6,0.0004910402259658044,984.9089923850722,4183.555869380013,0.6476620889945972
56.7,0.0004902724886177997,984.8595555779305,4183.594544206984,0.6477630685409167
56.8,0.0004895067421418012,984.8100577706023,4183.633369208209,0.6478638823692322
56.9,0.0004887429796068666,984.7604990247638,4183.672344284726,0.6479645306031719
57.0,0.00048798119411276125,984.7108794019848,4183.711469338304,0.6480650133660592
57.1,0.0004872213787897273,984.6611989636202,4183.7507442744245,0.6481653307807582
57.2,0.0004864635267983515,984.6114577708663,4183.790169000651,0.6482654829697906
57.3,0.0004857076313293442,984.5616558846709,4183.829743429508,0.6483654700551704
57.4,0.00048495368560348093,984.5117933658914,4183.869467473587,0.648465292158627
57.5,0.0004842016828713209,984.4618702751208,4183.9093410507485,0.648564949401417
57.6,0.00048345161641314625,984.411886672832,4183.9493640797355,0.6486644419044479
57.7,0.0004827034795387306,984.3618426192826,4183.98953648341,0.6487637697882287
57.8,0.00048195726558723735,984.3117381745833,4184.029858186185,0.6488629331728867
57.9,0.00048121296792700223,984.2615733986115,4184.070329116844,0.6489619321781052
58.0,0.00048047057995544065,984.2113483511419,4184.110949204846,0.6490607669232876
58.1,0.0004797300950988323,984.1610630916997,4184.15171838425,0.6491594375273748
58.2,0.0004789915068122186,984.1107176796916,4184.192636590265,0.6492579441089702
58.3,0.00047825480857920013,984.060312174295,4184.23370376229,0.6493562867862761
58.4,0.00047751999391181817,984.0098466345389,4184.27491984153,0.6494544656771197
58.5,0.0004767870563504106,983.9593211193079,4184.31628477095,0.6495524808990215
58.6,0.0004760559894634083,983.908735687251,4184.357798497712,0.649650332569044
58.7,0.00047532678684723974,983.8580903968655,4184.399460971371,0.6497480208039136
58.8,0.00047459944212616004,983.8073853064947,4184.4412721432145,0.6498455457200184
58.9,0.0004738739489521201,983.7566204743221,4184.483231966708,0.6499429074334014
59.0,0.0004731503010045668,983.7057959582892,4184.52534039998,0.6500401060596537
59.1,0.00047242849199036956,983.654911816235,4184.567597401584,0.6501371417141021
59.2,0.0004717085156436161,983.6039681057914,4184.610002933692,0.650234014511672
59.3,0.00047099036572551364,983.5529648844473,4184.652556960408,0.6503307245669765
59.4,0.0004702740360242104,983.5019022094965,4184.695259448668,0.6504272719942295
59.5,0.0004695595203546649,983.4507801380757,4184.738110367686,0.6505236569073182
59.6,0.00046884681255851074,983.3995987271538,4184.781109689149,0.6506198794198063
59.7,0.00046813590650389815,983.3483580335005,4184.82425738799,0.6507159396448569
59.8,0.00046742679608538723,983.2970581137702,4184.867553440041,0.6508118376953302
59.9,0.00046671947522377194,983.2456990244132,4184.910997824676,0.6509075736837641
60.0,0.0004660139378659706,983.194280821728,4184.954590523196,0.6510031477223115
60.1,0.0004653101779848712,983.1428035618615,4184.998331518834,0.6510985599228681
60.2,0.00046460818957919385,983.0912673007466,4185.042220798607,0.6511938103968746
60.3,0.00046390796667336793,983.0396720942056,4185.086258350159,0.6512888992555654
60.4,0.00046320950331738323,982.9880179978529,4185.130444165203,0.6513838266097574
60.5,0.0004625127935866759,982.9363050671731,4185.174778236055,0.6514785925699869
60.6,0.0004618178315819759,982.8845333574736,4185.219260558294,0.6515731972464551
60.7,0.0004611246114291739,982.8327029238772,4185.263891129999,0.6516676407490058
60.8,0.0004604331272792233,982.7808138213966,4185.308669950302,0.651761923187243
60.9,0.00045974337330794926,982.7288661048277,4185.353597022175,0.6518560446703588
61.0,0.0004590553437159752,982.676859828835,4185.398672349575,0.6519500053072905
61.1,0.00045836903272858555,982.624795047944,4185.443895938473,0.6520438052066719
61.2,0.0004576844345955492,982.5726718164555,4185.48926779888,0.6521374444767415
61.3,0.00045700154359103716,982.5204901885526,4185.534787941295,0.6522309232254875
61.4,0.00045632035401350695,982.4682502182602,4185.580456379077,0.6523242415606016
61.5,0.00045564086018553667,982.4159519594406,4185.626273127189,0.6524173995894271
61.6,0.0004549630564537345,982.3635954658052,4185.672238203092,0.6525103974190386
61.7,0.0004542869371885745,982.311180790885,4185.718351626493,0.6526032351561888
61.8,0.0004536124967843133,982.2587079880627,4185.764613419542,0.6526959129073173
61.9,0.00045293972965885376,982.2061771105853,4185.811023605324,0.6527884307785892
62.0,0.00045226863025362216,982.1535882115342,4185.857582209697,0.6528807888758859
62.1,0.0004515991930334153,982.1009413437896,4185.904289261589,0.6529729873047042
62.2,0.00045093141248634907,982.048236560147,4185.951144790062,0.6530650261703571
62.3,0.0004502652831236737,981.9954739132017,4185.998148827662,0.6531569055778027
62.4,0.00044960079947969293,981.9426534554099,4186.04530140846,0.653248625631728
62.5,0.0004489379561116323,981.889775239087,4186.092602568076,0.6533401864365443
62.6,0.000448276747599516,981.8368393163709,4186.140052344862,0.6534315880963512
62.7,0.0004476171685460568,981.7838457392559,4186.1876507789675,0.6535228307149735
62.8,0.0004469592135765305,981.7307945595705,4186.235397912892,0.6536139143959253
62.9,0.0004463028773386899,981.6776858290204,4186.283293790221,0.6537048392424841
63.0,0.0004456481545026198,981.6245195991547,4186.331338456429,0.6537956053576511
63.1,0.0004449950397606332,981.571295921366,4186.379531959628,0.6538862128441342
63.2,0.0004443435278271212,981.5180148468371,4186.427874350919,0.6539766618042784
63.3,0.0004436936134385409,981.4646764267226,4186.476365680382,0.6540669523403246
63.4,0.0004430452913532001,981.4112807119408,4186.525006002121,0.6541570845541287
63.5,0.0004423985563511789,981.3578277532787,4186.573795371658,0.6542470585472892
63.6,0.0004417534032342335,981.304317601369,4186.622733846622,0.6543368744211336
63.7,0.0004411098268256819,981.2507503067219,4186.671821485882,0.6544265322767613
63.8,0.00044046782197027374,981.1971259196666,4186.72105835067,0.6545160322149493
63.9,0.00043982738353411224,981.1434444904106,4186.770444503882,0.6546053743362544
64.0,0.000439188506404523,981.0897060690039,4186.819980010105,0.6546945587409435
64.1,0.0004385511854899692,981.0359107053697,4186.86966493537,0.6547835855290653
64.2,0.000437915415719896,980.9820584492353,4186.919499349067,0.6548724548003286
64.3,0.0004372811920447027,980.9281493502608,4186.969483315561,0.6549611666542929
64.4,0.00043664850943555097,980.8741834578724,4187.019616916838,0.6550497211901499
64.5,0.00043601736288432423,980.8201608214147,4187.069900221347,0.6551381185069021
64.6,0.0004353877474034908,980.7660814900535,4187.120333304518,0.6552263587032822
64.7,0.00043475965802603503,980.7119455128541,4187.170916242839,0.6553144418777989
64.8,0.000434133089805299,980.6577529386957,4187.221649115416,0.6554023681286651
64.9,0.0004335080378149302,980.6035038163411,4187.272532002494,0.6554901375538886
65.0,0.00043288449714874537,980.5491981943845,4187.32356498652,0.6555777502511894
65.1,0.00043226246292065145,980.4948361212931,4187.37474815132,0.65566520631805
65.2,0.000431641930264546,980.4404176454091,4187.42608158212,0.655752505851758
65.3,0.0004310228943341984,980.3859428149104,4187.477565366143,0.6558396489492959
65.4,0.0004304053503031594,980.3314116778361,4187.529199592436,0.6559266357074303
65.5,0.0004297892933646892,980.2768242821232,4187.580984350461,0.6560134662227258
65.6,0.000429174718731588,980.2221806754965,4187.632919733334,0.6561001405914283
65.7,0.00042856162163617536,980.1674809055887,4187.685005834648,0.6561866589095967
65.8,0.0004279499973301687,980.1127250199094,4187.7372427489345,0.6562730212730826
65.9,0.00042733984108455275,980.0579130657819,4187.789630573607,0.6563592277774326
66.0,0.0004267311481895356,980.0030450904347,4187.842169406795,0.6564452785180447
66.1,0.00042612391395442656,979.9481211409462,4187.894859348246,0.6565311735900147
66.2,0.00042551813370752064,979.8931412642327,4187.947700499901,0.6566169130882425
66.3,0.00042491380279605664,979.8381055071103,4188.000692964312,0.6567024971073946
66.4,0.00042431091658606926,979.7830139162313,4188.0538368466205,0.6567879257419161
66.5,0.00042370947046233844,979.7278665381231,4188.107132252639,0.6568731990860184
66.6,0.0004231094598282673,979.6726634191748,4188.160579290091,0.6569583172336947
66.7,0.0004225108801058081,979.6174046056427,4188.214178067948,0.6570432802787066
66.8,0.0004219137267353728,979.5620901436605,4188.267928696631,0.657128088314626
66.9,0.00042131799517572003,979.5067200792128,4188.321831288326,0.6572127414347846
67.0,0.000420723680903882,979.4512944581431,4188.375885956448,0.6572972397322698
67.1,0.00042013077941506304,979.3958133261641,4188.430092816381,0.6573815832999789
67.2,0.0004195392862225872,979.3402767288839,4188.484451983934,0.6574657722306184
67.3,0.0004189491968577361,979.284684711725,4188.538963577682,0.657549806616617
67.4,0.00041836050686974745,979.2290373200394,4188.593627716156,0.6576336865502727
67.5,0.0004177732118256544,979.1733345989929,4188.648444520434,0.6577174121235874
67.6,0.0004171873073102533,979.1175765936629,4188.703414112247,0.6578009834284241
67.7,0.00041660278892596294,979.0617633489494,4188.758536615645,0.6578844005563793
67.8,0.0004160196522927961,979.0058949096741,4188.813812154665,0.6579676635988982
67.9,0.0004154378930482233,978.9499713204846,4188.869240856076,0.6580507726471657
68.0,0.0004148575068471211,978.8939926259179,4188.924822847364,0.6581337277922022
68.1,0.00041427848936166834,978.837958870376,4188.980558252621,0.6582165291247907
68.2,0.00041370083628127874,978.7818700981431,4189.036447210723,0.65829917673554
68.3,0.0004131245433124949,978.7257263533594,4189.09248984926,0.6583816707148605
68.4,0.0004125496061789173,978.669527680032,4189.148686301446,0.6584640111529193
68.5,0.0004119760206211363,978.6132741220677,4189.205036700903,0.6585461981397404
68.6,0.00041140378239662055,978.5569657232136,4189.2615411836305,0.6586282317651185
68.7,0.00041083288727965055,978.5006025271105,4189.318199886117,0.6587101121186505
68.8,0.00041026333106124066,978.4441845772628,4189.375012946627,0.6587918392897464
68.9,0.00040969510954905463,978.3877119170552,4189.431980504156,0.6588734133676323
69.0,0.0004091282185673031,978.3311845897132,4189.489102700099,0.658954834441299
69.1,0.00040856265395672456,978.2746026384071,4189.546379675254,0.6590361025996287
69.2,0.0004079984115744271,978.2179661061105,4189.60381157334,0.6591172179312297
69.3,0.0004074354872938616,978.161275035699,4189.661398538786,0.6591981805245427
69.4,0.0004068738770047335,978.1045294699335,4189.719140716734,0.6592789904678509
69.5,0.0004063135766129089,978.0477294514249,4189.777038254377,0.6593596478492105
69.6,0.00040575458204035936,977.9908750226879,4189.835091299411,0.6594401527565351
69.7,0.0004051968892250683,977.933966226094,4189.893300001116,0.6595205052775107
69.8,0.0004046404941209558,977.8770031039039,4189.951664509561,0.6596007054996749
69.9,0.00040408539269780975,977.8199856982415,4190.010184976719,0.6596807535103522
70.0,0.0004035315809411948,977.7629140511062,4190.068861555141,0.6597606493966935
70.1,0.00040297905485241144,977.7057882044121,4190.127694398246,0.6598403932457192
70.2,0.0004024278104483605,977.6486081998816,4190.186683661848,0.6599199851441587
70.3,0.00040187784376153045,977.5913740791763,4190.245829501664,0.6599994251786759
70.4,0.00040132915083990027,977.5340858838217,4190.305132074771,0.6600787134357156
70.5,0.0004007817277468411,977.4767436552112,4190.364591539713,0.6601578500015357
70.6,0.00040023557056107476,977.419347434609,4190.424208056417,0.6602368349622154
70.7,0.0003996906753766007,977.3618972631913,4190.483981784865,0.66031566840369
70.8,0.0003991470383025884,977.3043931819727,4190.543912887401,0.6603943504116926
70.9,0.00039860465546335226,977.2468352318905,4190.604001526267,0.6604728810718147
71.0,0.00039806352299823927,977.1892234537204,4190.6642478658505,0.6605512604694341
71.1,0.00039752363706159,977.1315578881596,4190.724652070741,0.6606294886897991
71.2,0.0003969849938226279,977.0738385757347,4190.785214307649,0.6607075658179525
71.3,0.0003964475894654588,977.0160655569332,4190.845934742677,0.660785491938832
71.4,0.000395911420188902,976.958238872032,4190.906813544792,0.6608632671371195
71.5,0.0003953764822065097,976.9003585612598,4190.967850882723,0.660940891497417
71.6,0.00039484277174645034,976.8424246646975,4191.029046926909,0.6610183651041103
71.7,0.0003943102850514314,976.784437222283,4191.0904018489155,0.6610956880413961
71.8,0.00039377901837869806,976.7263962739218,4191.15191582016,0.6611728603934184
71.9,0.0003932489679998626,976.6683018593029,4191.213589014668,0.6612498822440335
72.0,0.0003927201302009394,976.6101540180808,4191.275421606007,0.6613267536770332
72.1,0.0003921925012821753,976.5519527897158,4191.337413770478,0.6614034747759507
72.2,0.00039166607755808716,976.4936982136273,4191.399565683425,0.6614800456242661
72.3,0.00039114085535731807,976.4353903290784,4191.461877522182,0.6615564663052415
72.4,0.000390616831022591,976.3770291752116,4191.524349465385,0.6616327369019787
72.5,0.0003900940009106708,976.3186147910911,4191.5869816915765,0.6617088574974644
72.6,0.00038957236139225594,976.2601472156301,4191.649774381193,0.661784828174483
72.7,0.00038905190885192624,976.2016264876188,4191.712727715815,0.6618606490156699
72.8,0.00038853263968812894,976.1430526458013,4191.775841876261,0.6619363201035714
72.9,0.0003880145503130224,976.0844257287328,4191.839117046209,0.6620118415204966
73.0,0.000387497637152459,976.025745774859,4191.90255341003,0.6620872133486171
73.1,0.0003869818966459792,975.9670128225923,4191.966151151309,0.6621624356700229
73.2,0.0003864673252466312,975.9082269101548,4192.029910456272,0.6622375085665978
73.3,0.0003859539194209818,975.8493880756583,4192.09383151183,0.6623124321200509
73.4,0.00038544167564906543,975.790496357166,4192.157914504634,0.6623872064120397
73.5,0.00038493059042424955,975.7315517925379,4192.222159624146,0.662461831523941
73.6,0.00038442066025327,975.6725544196119,4192.28656705851,0.6625363075371197
73.7,0.0003839118816560799,975.6135042760588,4192.351136998357,0.6626106345327099
73.8,0.0003834042511658366,975.5544013994502,4192.415869634521,0.6626848125917126
73.9,0.00038289776532883,975.4952458272478,4192.480765159234,0.6627588417950061
74.0,0.00038239242070442616,975.4360375968084,4192.545823764927,0.6628327222233154
74.1,0.0003818882138650043,975.3767767453917,4192.611045644659,0.6629064539572429
74.2,0.0003813851413958801,975.3174633101098,4192.67643099348,0.6629800370772166
74.3,0.0003808831998952681,975.2580973279896,4192.741980006544,0.6630534716635227
74.4,0.0003803823859742366,975.1986788359744,4192.807692879077,0.6631267577963674
74.5,0.0003798826962565786,975.1392078708258,4192.873569809048,0.6631998955557324
74.6,0.00037938412737884984,975.0796844692767,4192.939610993253,0.6632728850215357
74.7,0.0003788866759902196,975.020108667882,4193.005816631057,0.6633457262734949
74.8,0.0003783903387525052,974.9604805031687,4193.072186920451,0.6634184193912621
74.9,0.00037789511234001186,974.9008000114775,4193.138722062556,0.6634909644542921
75.0,0.0003774009934395459,974.8410672290656,4193.205422258113,0.6635633615419185
75.1,0.0003769079787503565,974.78128219212,4193.272287708116,0.6636356107333705
75.2,0.0003764160649840431,974.7214449366855,4193.3393186150915,0.6637077121077345
75.3,0.000375925248864508,974.66155549869,4193.406515182821,0.6637796657439211
75.4,0.0003754355271279269,974.6016139139854,4193.473877614515,0.6638514717207702
75.5,0.0003749468965226664,974.5416202182987,4193.541406115216,0.6639231301169437
75.6,0.00037445935380922676,974.4815744472463,4193.609100890426,0.6639946410109971
75.7,0.0003739728957602255,974.4214766363701,4193.676962145849,0.6640660044813694
75.8,0.0003734875191602776,974.3613268210673,4193.744990088743,0.6641372206063332
75.9,0.000373003220805998,974.3011250366532,4193.813184926586,0.6642082894640563
76.0,0.0003725199975059164,974.2408713183312,4193.881546867804,0.6642792111325905
76.1,0.00037203784608044456,974.1805657012077,4193.950076121144,0.66434998568984
76.2,0.0003715567633617844,974.120208220261,4194.018772896921,0.6644206132135722
76.3,0.0003710767461939232,974.0597989103945,4194.087637405234,0.6644910937814748
76.4,0.0003705977914325508,973.9993378063971,4194.15666985727,0.6645614274710623
76.5,0.0003701198959450089,973.9388249429495,4194.225870464953,0.6646316143597698
76.6,0.0003696430566102404,973.8782603546235,4194.295239441021,0.6647016545248597
76.7,0.0003691672703187453,973.8176440759077,4194.364776998402,0.6647715480435233
76.8,0.0003686925339725288,973.7569761411896,4194.434483350768,0.6648412949928072
76.9,0.00036821884448501427,973.696256584714,4194.504358713332,0.6649108954496256
77.0,0.00036774619878105077,973.6354854406704,4194.574403300754,0.664980349490788
77.1,0.00036727459379680655,973.5746627431067,4194.644617329411,0.6650496571929632
77.2,0.0003668040264797672,973.5137885260209,4194.715001015233,0.6651188186327635
77.3,0.0003663344937886222,973.4528628232313,4194.785554576351,0.6651878338865749
77.4,0.00036586599269330467,973.3918856685468,4194.856278229572,0.665256703030784
77.5,0.0003653985201748391,973.3308570956018,4194.927172194022,0.6653254261415765
77.6,0.0003649320732253592,973.269777137956,4194.998236688644,0.6653940032950474
77.7,0.00036446664884805886,973.2086458290929,4195.069471932968,0.6654624345672077
77.8,0.0003640022440570872,973.1474632023499,4195.140878147564,0.6655307200338942
77.9,0.0003635388558775578,973.0862292909884,4195.212455553385,0.665598859770867
78.0,0.00036307648134548473,973.024944128189,4195.284204371701,0.6656668538537939
78.1,0.00036261511750770224,972.9636077469894,4195.356124825058,0.6657347023581691
78.2,0.00036215476142185634,972.9022201803516,4195.428217136183,0.6658024053594123
78.3,0.0003616954101563475,972.8407814611533,4195.500481528214,0.6658699629328394
78.4,0.00036123706079027015,972.7792916221629,4195.572918224765,0.6659373751536539
78.5,0.0003607797104133452,972.7177506960046,4195.645527451495,0.6660046420968918
78.6,0.00036032335612594705,972.6561587152826,4195.718309432451,0.6660717638375712
78.7,0.0003598679950389678,972.5945157124395,4195.791264393974,0.6661387404505136
78.8,0.00035941362427384285,972.5328217198766,4195.864392561581,0.6662055720105243
78.9,0.00035896024096244094,972.4710767698325,4195.9376941629425,0.6662722585922018
79.0,0.0003585078422470629,972.4092808944913,4196.011169425032,0.6663388002701004
79.1,0.00035805642528039937,972.3474341259537,4196.084818575312,0.6664051971186727
79.2,0.0003576059872254275,972.2855364961616,4196.158641843094,0.6664714492121997
79.3,0.0003571565252554413,972.2235880370285,4196.232639456755,0.6665375566249466
79.4,0.00035670803655394283,972.1615887803152,4196.306811646416,0.6666035194309833
79.5,0.00035626051831464425,972.0995387577317,4196.381158641607,0.6666693377043528
79.6,0.0003558139677413923,972.037438000867,4196.455680673249,0.6667350115189449
79.7,0.0003553683820481347,971.9752865412142,4196.530377972479,0.6668005409485613
79.8,0.0003549237584588737,971.9130844101829,4196.605250770808,0.6668659260669154
79.9,0.0003544800942076266,971.8508316390777,4196.680299300451,0.6669311669475857
80.0,0.0003540373865383694,971.7885282591064,4196.755523794203,0.6669962636640776
80.1,0.0003535956327050147,971.7261743013917,4196.830924485083,0.6670612162897823
80.2,0.0003531548299713377,971.663769796943,4196.9065016071,0.6671260248979808
80.3,0.00035271497561096995,971.6013147767052,4196.982255394065,0.6671906895618865
80.4,0.000352276066907311,971.5388092714876,4197.058186081078,0.667255210354565
80.5,0.0003518381011535398,971.4762533120504,4197.134293902985,0.667319587349034
80.6,0.0003514010756525277,971.4136469290374,4197.210579095284,0.6673838206181842
80.7,0.0003509649877168015,971.3509901529832,4197.287041894654,0.6674479102347963
80.8,0.0003505298346685316,971.2882830143598,4197.363682537216,0.6675118562715942
80.9,0.00035009561383945987,971.2255255435314,4197.440501260149,0.6675756588011676
81.0,0.0003496623225708547,971.1627177707521,4197.517498301273,0.6676393178960096
81.1,0.00034922995821351304,971.0998597262297,4197.594673898129,0.667702833628565
81.2,0.00034879851812764657,971.0369514400104,4197.672028289797,0.6677662060710942
81.3,0.0003483679996829211,970.9739929421169,4197.749561714769,0.6678294352958675
81.4,0.00034793840025835457,970.9109842624372,4197.827274412494,0.6678925213749728
81.5,0.00034750971724231315,970.8479254307967,4197.905166622566,0.6679554643804727
81.6,0.0003470819480324193,970.7848164768694,4197.983238585995,0.6680182643842567
81.7,0.00034665509003561093,970.7216574303332,4198.061490542635,0.6680809214582241
81.8,0.0003462291406679803,970.6584483206905,4198.139922733997,0.668143435674088
81.9,0.0003458040973548233,970.5951891773927,4198.2185354015555,0.6682058071035236
82.0,0.000345379957530559,970.5318800297922,4198.297328787348,0.6682680358180941
82.1,0.0003449567186386901,970.4685209071308,4198.376303134027,0.6683301218892552
82.2,0.0003445343781318057,970.4051118386116,4198.4554586837885,0.6683920653884364
82.3,0.000344112933471473,970.3416528532892,4198.534795680422,0.6684538663868895
82.4,0.0003436923821282575,970.2781439801639,4198.614314367279,0.6685155249558491
82.5,0.0003432727215816471,970.2145852481226,4198.694014988728,0.6685770411664049
82.6,0.0003428539493200476,970.1509766859864,4198.773897788967,0.6686384150896031
82.7,0.0003424360628407053,970.087318322464,4198.853963013097,0.6686996467963706
82.8,0.0003420190596497157,970.0236101862087,4198.934210905781,0.6687607363575816
82.9,0.00034160293726191683,969.959852305723,4199.014641713612,0.6688216838439435
83.0,0.0003411876932009449,969.8960447095029,4199.095255681544,0.6688824893262026
83.1,0.00034077332499910125,969.8321874258769,4199.176053056918,0.6689431528748939
83.2,0.0003403598301973844,969.7682804831311,4199.257034086114,0.6690036745605448
83.3,0.00033994720634541466,969.7043239094426,4199.338199016579,0.6690640544535456
83.4,0.00033953545100143343,969.640317732934,4199.419548095229,0.6691242926242708
83.5,0.0003391245617322115,969.5762619815885,4199.501081570733,0.6691843891429251
83.6,0.00033871453611306724,969.5121566833411,4199.582799690977,0.6692443440797032
83.7,0.0003383053717277971,969.4480018660205,4199.6647027046,0.669304157504655
83.8,0.00033789706616864303,969.3837975573606,4199.7467908610715,0.6693638294877672
83.9,0.0003374896170362986,969.3195437850543,4199.829064408919,0.669423360099002
84.0,0.0003370830219397869,969.2552405766434,4199.911523598656,0.6694827494081376
84.1,0.0003366772784965035,969.1908879596093,4199.994168680177,0.6695419974849162
84.2,0.00033627238433216216,969.1264859613718,4200.076999903595,0.6696011043990289
84.3,0.00033586833708072983,969.0620346092315,4200.160017519873,0.6696600702200485
84.4,0.00033546513438442634,968.997533930423,4200.243221779959,0.6697188950174758
84.5,0.00033506277389365533,968.9329839520552,4200.326612935752,0.6697775788607017
84.6,0.00033466125326702247,968.8683847012139,4200.410191238613,0.6698361218190961
84.7,0.0003342605701712344,968.8037362048466,4200.49395694076,0.6698945239619101
84.8,0.0003338607222811185,968.7390384898367,4200.577910294599,0.6699527853583004
84.9,0.0003334617072795638,968.6742915829885,4200.66205155297,0.6700109060773932
85.0,0.0003330635228574859,968.6094955110034,4200.746380968928,0.6700688861881955
85.1,0.0003326661667138006,968.5446503005054,4200.83089879586,0.6701267257596367
85.2,0.0003322696365553945,968.4797559780448,4200.915605287306,0.6701844248606041
85.3,0.00033187393009706886,968.4148125700632,4201.000500697579,0.6702419835598652
85.4,0.0003314790450615375,968.349820102935,4201.085585280962,0.670299401926112
85.5,0.0003310849791793698,968.2847786029465,4201.17085929198,0.6703566800280008
85.6,0.0003306917301889705,968.2196880962995,4201.256322985662,0.6704138179340684
85.7,0.0003302992958365373,968.1545486091063,4201.341976617359,0.670470815712785
85.8,0.0003299076738760429,968.089360167417,4201.42782044229,0.6705276734325759
85.9,0.00032951686206917616,968.0241227971595,4201.513854716669,0.6705843911617368
86.0,0.00032912685818533606,967.9588365242048,4201.600079696684,0.6706409689685213
86.1,0.00032873766000160486,967.8935013743569,4201.686495638101,0.6706974069211319
86.2,0.00032834926530266473,967.8281173732887,4201.773102798306,0.6707537050876269
86.3,0.00032796167188082505,967.762684546616,4201.859901434154,0.670809863536037
86.4,0.0003275748775359704,967.6972029198862,4201.946891802812,0.670865882334321
86.5,0.00032718888007551806,967.6316725185457,4202.034074161825,0.6709217615503634
86.6,0.0003268036773143949,967.5660933679633,4202.121448769029,0.6709775012519525
86.7,0.0003264192670749963,967.5004654934072,4202.209015882839,0.6710331015068077
86.8,0.00032603564718719155,967.4347889201065,4202.296775761147,0.6710885623826098
86.9,0.00032565281548824107,967.3690636731718,4202.3847286627215,0.6711438839469347
87.0,0.0003252707698227934,967.3032897776402,4202.472874846612,0.6711990662672916
87.1,0.0003248895080428545,967.2374672584622,4202.561214572103,0.6712541094111117
87.2,0.000324509028007753,967.1715961405132,4202.649748098542,0.6713090134457653
87.3,0.00032412932758411726,967.1056764485987,4202.738475685438,0.6713637784385517
87.4,0.0003237504046458317,967.0397082074246,4202.827397592955,0.6714184044567013
87.5,0.00032337225707401165,966.9736914416213,4202.916514081117,0.6714728915673643
87.6,0.0003229948827569802,966.9076261757408,4203.005825410568,0.671527239837626
87.7,0.00032261827959023323,966.8415124342539,4203.095331841852,0.6715814493344991
87.8,0.00032224244547640656,966.7753502415499,4203.185033635916,0.6716355201249441
87.9,0.000321867378325252,966.7091396219333,4203.2749310540285,0.6716894522758156
88.0,0.0003214930760536034,966.6428805996308,4203.365024357688,0.6717432458539225
88.1,0.0003211195365853531,966.576573198788,4203.455313808619,0.6717969009260027
88.2,0.00032074675785142686,966.5102174434893,4203.5457996683,0.671850417558747
88.3,0.00032037473778972667,966.4438133577011,4203.636482199298,0.6719037958187284
88.4,0.0003200034743451417,966.3773609653398,4203.727361663998,0.6719570357724891
88.5,0.0003196329654694978,966.3108602902366,4203.8184383247835,0.6720101374864963
88.6,0.0003192632091215286,966.2443113561391,4203.909712444509,0.672063101027137
88.7,0.00031889420326684727,966.1777141867102,4204.001184286419,0.6721159264607561
88.8,0.000318525945877934,966.1110688055511,4204.092854113643,0.6721686138536141
88.9,0.0003181584349340817,966.0443752361654,4204.184722189683,0.6722211632718976
89.0,0.00031779166842139044,965.9776335019878,4204.276788778301,0.672273574781743
89.1,0.00031742564433272637,965.9108436263682,4204.369054143638,0.6723258484492188
89.2,0.0003170603606677081,965.8440056325916,4204.461518549409,0.6723779843403204
89.3,0.0003166958154326574,965.7771195438494,4204.554182260372,0.6724299825209785
89.4,0.0003163320066405883,965.7101853832534,4204.647045540972,0.6724818430570517
89.5,0.00031596893231117945,965.6432031738483,4204.740108656,0.6725335660143574
89.6,0.00031560659047074523,965.5761729386043,4204.833371870385,0.6725851514586297
89.7,0.00031524497915219607,965.5090947003969,4204.926835449507,0.6726365994555388
89.8,0.0003148840963950345,965.4419684820372,4205.02049965861,0.6726879100706956
89.9,0.00031452394024530944,965.3747943062559,4205.114364763338,0.6727390833696477
90.0,0.000314164508755593,965.3075721956983,4205.2084310295495,0.672790119417867
90.1,0.00031380579998496435,965.2403021729434,4205.302698723237,0.672841018280777
90.2,0.0003134478119989756,965.1729842604913,4205.39716811059,0.6728917800237331
90.3,0.00031309054286961496,965.1056184807486,4205.491839458208,0.672942404712007
90.4,0.00031273399067531255,965.0382048560812,4205.586713032169,0.6729928924108611
90.5,0.0003123781535008749,964.9707434087398,4205.681789099746,0.6730432431854341
90.6,0.0003120230294374873,964.9032341609231,4205.777067927616,0.6730934571008468
90.7,0.0003116686165826774,964.8356771347464,4205.872549783012,0.6731435342221346
90.8,0.0003113149130402841,964.7680723522394,4205.968234933266,0.6731934746142754
90.9,0.00031096191692044225,964.7004198353591,4206.064123646116,0.6732432783421736
91.0,0.0003106096263395652,964.6327196060096,4206.160216188987,0.673292945470705
91.1,0.0003102580394202912,964.5649716859881,4206.25651282978,0.6733424760646566
91.2,0.0003099071542914862,964.4971760970369,4206.353013836653,0.6733918701887684
91.3,0.0003095569690881996,964.4293328608063,4206.449719477786,0.6734411279077104
91.4,0.0003092074819516452,964.3614419988699,4206.54663002186,0.6734902492860781
91.5,0.0003088586910292035,964.2935035327648,4206.643745736951,0.6735392343884572
91.6,0.00030851059447433576,964.2255174838941,4206.741066892267,0.67358808327931
91.7,0.0003081631904466188,964.1574838736262,4206.838593756566,0.6736367960230771
91.8,0.00030781647711170034,964.0894027232536,4206.936326598786,0.673685372684148
91.9,0.0003074704526412497,964.0212740539587,4207.0342656887215,0.6737338133267992
92.0,0.00030712511521298216,963.9530978868991,4207.132411295226,0.6737821180153203
92.1,0.00030678046301059643,963.8848742431281,4207.230763688069,0.6738302868139018
92.2,0.0003064364942237618,963.8166031436288,4207.329323136949,0.6738783197866707
92.3,0.00030609320704808594,963.7482846092909,4207.428089912285,0.6739262169976805
92.4,0.0003057505996851309,963.6799186609853,4207.527064283393,0.6739739785109993
92.5,0.00030540867034232566,963.6115053194487,4207.626246521046,0.6740216043905545
92.6,0.00030506741723299225,963.5430446053717,4207.725636895494,0.674069094700248
92.7,0.00030472683857630405,963.4745365393685,4207.825235677369,0.6741164495039351
92.8,0.0003043869325972654,963.4059811419829,4207.925043137221,0.6741636688653959
92.9,0.00030404769752668864,963.3373784336826,4208.025059546007,0.6742107528483695
93.0,0.0003037091316011694,963.2687284348617,4208.125285174657,0.6742577015165169
93.1,0.00030337123306305646,963.2000311658336,4208.2257202944575,0.674304514933455
93.2,0.00030303400016045096,963.131286646853,4208.326365176547,0.6743511931627529
93.3,0.0003026974311471542,963.0624948980882,4208.427220092608,0.6743977362678927
93.4,0.0003023615242826684,962.9936559396372,4208.528285314129,0.6744441443123261
93.5,0.00030202627783217014,962.9247697915389,4208.629561112819,0.6744904173594576
93.6,0.0003016916900664701,962.8558364737328,4208.731047760801,0.6745365554725885
93.7,0.0003013577592620174,962.7868560061144,4208.832745529821,0.6745825587150156
93.8,0.00030102448370085915,962.7178284084902,4208.934654692281,0.6746284271499572
93.9,0.00030069186167062527,962.648753700602,4209.036775520294,0.6746741608405661
94.0,0.0003003598914644978,962.5796319021086,4209.139108286501,0.6747197598499677
94.1,0.00030002857138120313,962.5104630326078,4209.241653263462,0.6747652242412029
94.2,0.0002996978997249851,962.4412471116277,4209.3444107237265,0.6748105540772753
94.3,0.0002993678748055668,962.3719841586048,4209.447380940536,0.6748557494211238
94.4,0.00029903849493815893,962.3026741929258,4209.550564186688,0.6749008103356314
94.5,0.0002987097584434131,962.2333172338923,4209.653960735474,0.6749457368836336
94.6,0.0002983816636474178,962.1639133007484,4209.757570859853,0.6749905291279287
94.7,0.0002980542088816615,962.0944624126516,4209.861394833507,0.6750351871312161
94.8,0.0002977273924830209,962.0249645886933,4209.9654329300365,0.6750797109561802
94.9,0.0002974012127937442,961.9554198479046,4210.0696854228345,0.6751241006654304
95.0,0.000297075668161414,961.8858282092277,4210.174152585857,0.6751683563215303
95.1,0.00029675075693893875,961.8161896915392,4210.278834693076,0.675212477986995
95.2,0.00029642647748453983,961.7465043136596,4210.383732018419,0.6752564657242718
95.3,0.00029610282816170265,961.6767720943132,4210.488844836248,0.675300319595757
95.4,0.00029577980733919347,961.6069930521845,4210.594173420583,0.675344039663822
95.5,0.00029545741339099917,961.5371672058534,4210.699718046253,0.6753876259907312
95.6,0.0002951356446963443,961.4672945738582,4210.805478987469,0.6754310786387467
95.7,0.00029481449963963036,961.3973751746342,4210.911456519337,0.675474397670031
95.8,0.00029449397661048405,961.327409026615,4211.017650915909,0.6755175831467741
95.9,0.00029417407400362936,961.2573961480659,4211.1240624528955,0.6755606351310076
96.0,0.0002938547902189758,961.1873365572559,4211.230691404976,0.6756035536847784
96.1,0.0002935361236615411,961.1172302723692,4211.3375380472025,0.6756463388700771
96.2,0.0002932180727414304,961.0470773114986,4211.444602655083,0.6756889907488156
96.3,0.0002929006358738418,960.9768776926879,4211.551885503943,0.6757315093828742
96.4,0.0002925838114790291,960.9066314339073,4211.65938686918,0.6757738948340815
96.5,0.0002922675979822789,960.8363385530405,4211.767107026773,0.6758161471641874
96.6,0.0002919519938139171,960.7659990679384,4211.87504625196,0.6758582664349383
96.7,0.000291636997409258,960.6956129963555,4211.983204820875,0.6759002527079928
96.8,0.0002913226072085936,960.6251803559747,4212.091583009537,0.6759421060449604
96.9,0.00029100882165718445,960.5547011644189,4212.200181094018,0.6759838265074043
97.0,0.00029069563920523876,960.4841754392428,4212.308999350524,0.6760254141568417
97.1,0.0002903830583078877,960.4136031979377,4212.418038055238,0.6760668690547454
97.2,0.00029007107742516603,960.342984457918,4212.527297484644,0.6761081912625188
97.3,0.0002897596950219938,960.2723192365327,4212.636777915184,0.6761493808415338
97.4,0.00028944890956815233,960.2016075510396,4212.746479623915,0.6761904378530722
97.5,0.0002891387195382934,960.1308494186786,4212.8564028871,0.6762313623584235
97.6,0.0002888291234118741,960.0600448565717,4212.966547981975,0.6762721544187819
97.7,0.00028852011967318386,959.989193881802,4213.076915185204,0.6763128140953105
97.8,0.00028821170681129723,959.9182965113827,4213.187504773953,0.6763533414491283
97.9,0.0002879038833200631,959.8473527622481,4213.298317025425,0.6763937365412921
98.0,0.0002875966476980752,959.7763626512498,4213.409352217157,0.6764339994327856
98.1,0.0002872899984486927,959.7053261952152,4213.520610626121,0.6764741301845951
98.2,0.00028698393407997595,959.6342434108689,4213.632092530119,0.6765141288576207
98.3,0.00028667845310469527,959.5631143148884,4213.743798206537,0.6765539955127422
98.4,0.0002863735540402972,959.4919389238617,4213.8557279333345,0.6765937302107397
98.5,0.00028606923540889736,959.420717254321,4213.96788198818,0.676633333012382
98.6,0.00028576549573726526,959.3494493227338,4214.080260649184,0.6766728039783826
98.7,0.00028546233355680295,959.2781351455113,4214.192864194011,0.6767121431694161
98.8,0.0002851597474035142,959.2067747389686,4214.30569290118,0.676751350646079
98.9,0.0002848577358180081,959.1353681193793,4214.418747048666,0.6767904264689463
99.0,0.00028455629734546866,959.0639153029388,4214.532026914846,0.6768293706985309
99.1,0.0002842554305356441,958.992416305785,4214.645532778095,0.6768681833953056
99.2,0.00028395513394281513,958.9208711439671,4214.759264917101,0.6769068646196735
99.3,0.0002836554061257985,958.8492798334914,4214.873223610563,0.6769454144320093
99.4,0.0002833562456479212,958.7776423902912,4214.987409136949,0.6769838328926435
99.5,0.0002830576510769966,958.7059588302294,4215.101821775237,0.677022120061841
99.6,0.00028275962098530896,958.6342291690977,4215.216461804458,0.6770602759998211
99.7,0.00028246215394961557,958.5624534226432,4215.3313295034295,0.6770983007667686
99.8,0.00028216524855109867,958.4906316065238,4215.446425151376,0.6771361944228153
99.9,0.0002818689033753672,958.4187637363317,4215.561749027728,0.6771739570280205
100.0,1.2232364857142951e-5,0.597606983689869,2079.80104865997,0.02457011197090503
