T,μ,ρ,cp,k
-11.118,0.006838286097772591,1047.735232522702,3623.580342822309,0.4350603411896167
-11.018,0.006807776474881106,1047.7139899363335,3623.8937479864644,0.435158988789019
-10.918,0.00677744010584556,1047.6926806010715,3624.2071028980836,0.4352576202843965
-10.818,0.006747275856440633,1047.6713045452013,3624.520407472582,0.43535623565960513
-10.718,0.006717282600721989,1047.649861797009,3624.8336616253746,0.4354548348985008
-10.618,0.006687459220960176,1047.6283523847799,3625.1468652718777,0.4355534179849396
-10.518,0.006657804607575177,1047.6067763367994,3625.4600183275065,0.4356519849027773
-10.418,0.00662831765907134,1047.5851336813532,3625.7731207076768,0.43575053563587013
-10.318,0.006598997281973104,1047.5634244467274,3626.086172327804,0.43584907016807395
-10.218,0.006569842390761094,1047.5416486612069,3626.3991731033034,0.43594758848324466
-10.118,0.006540851907808748,1047.5198063530777,3626.712122949591,0.4360460905652384
-10.018,0.006512024763319739,1047.4978975506253,3627.025021782082,0.436144576397911
-9.918,0.00648335989526556,1047.4759222821353,3627.3378695161928,0.43624304596511854
-9.818,0.006454856249324,1047.4538805758932,3627.650666067338,0.43634149925071697
-9.718,0.006426512778817914,1047.431772460185,3627.9634113509333,0.4364399362385622
-9.618,0.006398328444654567,1047.4095979632957,3628.276105282395,0.4365383569125103
-9.518,0.006370302215265611,1047.3873571135111,3628.5887477771375,0.4366367612564172
-9.418,0.006342433066547363,1047.3650499391172,3628.9013387505775,0.4367351492541389
-9.318,0.006314719981801844,1047.3426764683993,3629.21387811813,0.4368335208895314
-9.218,0.0062871619516781255,1047.3202367296428,3629.526365795211,0.43693187614645057
-9.118,0.006259757974114203,1047.2977307511335,3629.8388016972353,0.4370302150087525
-9.018,0.00623250705427952,1047.2751585611572,3630.151185739619,0.4371285374602931
-8.918,0.006205408204517739,1047.2525201879992,3630.463517837778,0.4372268434849284
-8.818,0.006178460444290256,1047.2298156599452,3630.775797907127,0.4373251330665143
-8.718,0.006151662800119993,1047.2070450052809,3631.0880258630823,0.4374234061889069
-8.618,0.006125014305535724,1047.1842082522915,3631.400201621059,0.43752166283596206
-8.518,0.006098514001016993,1047.1613054292632,3631.712325096473,0.43761990299153575
-8.418,0.00607216093393928,1047.138336564481,3632.02439620474,0.4377181266394841
-8.318,0.0060459541585198805,1047.115301686231,3632.3364148612745,0.43781633376366297
-8.218,0.006019892735764037,1047.0922008227985,3632.6483809814936,0.43791452434792827
-8.118,0.00599397573341161,1047.0690340024694,3632.9602944808116,0.4380126983761361
-8.018,0.005968202225884271,1047.045801253529,3633.272155274645,0.4381108558321424
-7.918,0.0059425712942329885,1047.0225026042629,3633.5839632784086,0.4382089966998031
-7.818,0.005917082026086098,1046.999138082957,3633.895718407519,0.4383071209629743
-7.718,0.005891733515597773,1046.9757077178965,3634.2074205773906,0.43840522860551184
-7.618,0.005866524863396836,1046.9522115373672,3634.5190697034395,0.4385033196112718
-7.518,0.00584145517653617,1046.9286495696547,3634.8306657010817,0.4386013939641101
-7.418,0.005816523568442446,1046.9050218430446,3635.1422084857318,0.43869945164788265
-7.318,0.005791729158866241,1046.8813283858226,3635.4536979728064,0.43879749264644563
-7.218,0.0057670710738327415,1046.857569226274,3635.76513407772,0.43889551694365475
-7.118,0.0057425484455926575,1046.8337443926848,3636.0765167158893,0.43899352452336626
-7.018,0.005718160412573703,1046.8098539133402,3636.387845802729,0.43909151536943597
-6.918,0.00569390611933245,1046.7858978165261,3636.699121253655,0.43918948946571984
-6.818,0.005669784716506476,1046.761876130528,3637.010342984083,0.43928744679607395
-6.718,0.0056457953607671535,1046.7377888836315,3637.3215109094276,0.4393853873443542
-6.618,0.005621937214772536,1046.713636104122,3637.6326249451063,0.4394833110944166
-6.518,0.005598209447120916,1046.6894178202856,3637.943685006533,0.4395812180301171
-6.418,0.005574611232304606,1046.6651340604074,3638.2546910091237,0.43967910813531175
-6.318,0.005551141750664116,1046.640784852773,3638.5656428682946,0.43977698139385646
-6.218,0.0055278001883428424,1046.6163702256686,3638.87654049946,0.4398748377896071
-6.118,0.005504585737241941,1046.5918902073793,3639.187383818037,0.4399726773064199
-6.018,0.005481497594975789,1046.5673448261905,3639.49817273944,0.4400704999281507
-5.918,0.0054585349648276615,1046.5427341103884,3639.808907179085,0.4401683056386555
-5.818,0.005435697055705803,1046.5180580882582,3640.1195870523875,0.4402660944217902
-5.718,0.0054129830820999845,1046.4933167880854,3640.430212274763,0.4403638662614109
-5.618,0.005390392264038228,1046.468510238156,3640.7407827616275,0.4404616211413735
-5.518,0.005367923827044111,1046.4436384667551,3641.0512984283964,0.44055935904553395
-5.418,0.005345577002094261,1046.418701502169,3641.361759190485,0.4406570799577483
-5.318,0.005323351025576225,1046.3936993726827,3641.6721649633087,0.4407547838618725
-5.218,0.005301245139246808,1046.368632106582,3641.9825156622833,0.4408524707417625
-5.118,0.005279258590190609,1046.3434997321524,3642.292811202825,0.4409501405812743
-5.018,0.005257390630779019,1046.3183022776795,3642.603051500348,0.4410477933642639
-4.918,0.005235640518629499,1046.2930397714492,3642.913236470269,0.4411454290745872
-4.818,0.005214007516565165,1046.2677122417467,3643.2233660280035,0.4412430476961003
-4.718,0.005192490892574846,1046.242319716858,3643.5334400889665,0.44134064921265903
-4.618,0.005171089919773283,1046.2168622250683,3643.843458568574,0.4414382336081195
-4.518,0.005149803876361828,1046.1913397946635,3644.1534213822415,0.44153580086633765
-4.418,0.005128632045589391,1046.1657524539291,3644.463328445384,0.4416333509711694
-4.318,0.005107573715713666,1046.1401002311507,3644.7731796734183,0.4417308839064708
-4.218,0.005086628179962807,1046.1143831546137,3645.0829749817585,0.44182839965609777
-4.118,0.0050657947364972835,1046.088601252604,3645.3927142858215,0.4419258982039063
-4.018,0.005045072688372158,1046.0627545534069,3645.7023975010225,0.4420233795337524
-3.918,0.0050244613434996315,1046.0368430853084,3646.012024542776,0.442120843629492
-3.818,0.005003960014611844,1046.0108668765938,3646.321595326499,0.4422182904749811
-3.718,0.004983568019224126,1045.9848259555488,3646.631109767606,0.4423157200540757
-3.618,0.004963284679598375,1045.9587203504589,3646.940567781514,0.4424131323506318
-3.518,0.004943109322706915,1045.93255008961,3647.2499692836373,0.44251052734850527
-3.418,0.004923041280196513,1045.9063152012873,3647.5593141893914,0.4426079050315522
-3.318,0.004903079888352726,1045.8800157137766,3647.8686024141925,0.4427052653836285
-3.218,0.004883224488064629,1045.8536516553634,3648.1778338734557,0.4428026083885901
-3.118,0.004863474424789682,1045.8272230543334,3648.487008482597,0.4428999340302931
-3.018,0.0048438290485190464,1045.8007299389724,3648.7961261570317,0.4429972422925934
-2.918,0.00482428771374308,1045.7741723375655,3649.105186812176,0.443094533159347
-2.818,0.004804849779417097,1045.7475502783986,3649.414190363444,0.4431918066144099
-2.718,0.004785514608927557,1045.7208637897575,3649.723136726253,0.4432890626416379
-2.618,0.004766281570058337,1045.6941128999274,3650.0320258160173,0.4433863012248873
-2.518,0.004747150034957439,1045.667297637194,3650.340857548153,0.44348352234801386
-2.418,0.004728119380103894,1045.6404180298432,3650.6496318380755,0.4435807259948736
-2.318,0.004709188986274919,1045.61347410616,3650.9583486012007,0.4436779121493225
-2.218,0.004690358238513437,1045.5864658944308,3651.2670077529438,0.4437750807952165
-2.118,0.004671626526095719,1045.5593934229405,3651.5756092087204,0.4438722319164116
-2.018,0.004652993242499463,1045.532256719975,3651.8841528839466,0.44396936549676386
-1.918,0.004634457785371993,1045.50505581382,3652.192638694037,0.4440664815201291
-1.818,0.004616019556498757,1045.477790732761,3652.501066554408,0.4441635799703635
-1.718,0.004597677961772158,1045.4504615050835,3652.809436380475,0.44426066083132276
-1.618,0.004579432411160488,1045.4230681590732,3653.117748087653,0.44435772408686314
-1.518,0.004561282318677285,1045.3956107230156,3653.4260015913587,0.44445476972084047
-1.418,0.004543227102350844,1045.3680892251964,3653.7341968070064,0.44455179771711073
-1.318,0.004525266184193921,1045.3405036939012,3654.0423336500126,0.44464880805952994
-1.218,0.004507398990173873,1045.3128541574156,3654.350412035792,0.444745800731954
-1.118,0.004489624950182801,1045.285140644025,3654.6584318797613,0.444842775718239
-1.018,0.004471943498008157,1045.2573631820153,3654.966393097335,0.4449397330022409
-0.918,0.004454354071303449,1045.2295217996718,3655.2742956039297,0.44503667256781554
-0.818,0.004436856111559196,1045.2016165252805,3655.58213931496,0.44513359439881905
-0.718,0.0044194490640742275,1045.1736473871267,3655.889924145842,0.4452304984791073
-0.618,0.004402132377927044,1045.145614413496,3656.1976500119913,0.44532738479253636
-0.518,0.004384905505947588,1045.1175176326742,3656.505316828823,0.44542425332296215
-0.418,0.004367767904689118,1045.0893570729465,3656.812924511753,0.44552110405424067
-0.318,0.004350719034400331,1045.061132762599,3657.120472976197,0.4456179369702279
-0.218,0.004333758358997803,1045.032844729917,3657.4279621375704,0.44571475205477973
-0.118,0.0043168853460384855,1045.004493003186,3657.735391911289,0.4458115492917523
-0.018,0.004300099466692615,1044.976077610692,3658.0427622127677,0.4459083286650015
0.082,0.004283400195716694,1044.9475985807205,3658.3500729574225,0.44600509015838324
0.182,0.004266787011426734,1044.9190559415567,3658.6573240606695,0.44610183375575363
0.282,0.004250259395671776,1044.8904497214864,3658.9645154379236,0.44619855944096853
0.382,0.00423381683380751,1044.8617799487954,3659.2716470046003,0.446295267197884
0.482,0.004217458814670223,1044.833046651769,3659.578718676116,0.446391957010356
0.582,0.004201184830550885,1044.8042498586933,3659.8857303678847,0.4464886288622404
0.682,0.004184994377169444,1044.7753895978535,3660.1926819953237,0.4465852827373934
0.782,0.004168886953649386,1044.746465897535,3660.4995734738477,0.4466819186196707
0.882,0.0041528620624924125,1044.7174787860238,3660.8064047188723,0.44677853649292854
0.982,0.004136919209553427,1044.6884282916053,3661.113175645813,0.44687513634102277
1.082,0.004121057904015627,1044.6593144425653,3661.4198861700856,0.4469717181478093
1.182,0.004105277658365825,1044.6301372671892,3661.7265362071057,0.44706828189714426
1.282,0.004089577988370032,1044.6008967937626,3662.033125672289,0.4471648275728835
1.382,0.004073958413049111,1044.5715930505712,3662.3396544810503,0.4472613551588831
1.482,0.004058418454654761,1044.5422260659006,3662.646122548806,0.44735786463899896
1.582,0.0040429576386456,1044.5127958680364,3662.9525297909713,0.44745435599708705
1.682,0.004027575493663449,1044.483302485264,3663.258876122962,0.44755082921700345
1.782,0.004012271551509885,1044.4537459458693,3663.5651614601934,0.447647284282604
1.882,0.003997045347122855,1044.4241262781377,3663.871385718081,0.44774372117774475
1.982,0.003981896418553602,1044.3944435103547,3664.177548812041,0.44784013988628174
2.082,0.003966824306943687,1044.3646976708062,3664.483650657488,0.4479365403920708
2.182,0.003951828556502227,1044.3348887877778,3664.7896911698385,0.44803292267896805
2.282,0.003936908714483332,1044.3050168895547,3665.095670264507,0.4481292867308293
2.382,0.003922064331163677,1044.275082004423,3665.4015878569103,0.4482256325315107
2.482,0.003907294959820307,1044.2450841606678,3665.7074438624636,0.4483219600648682
2.582,0.003892600156708587,1044.215023386575,3666.013238196582,0.44841826931475764
2.682,0.003877979481040299,1044.1848997104303,3666.318970774681,0.44851456026503517
2.782,0.0038634324949619993,1044.1547131605191,3666.624641512177,0.4486108328995566
2.882,0.0038489587635334417,1044.124463765127,3666.930250324485,0.44870708720217806
2.982,0.003834557854706278,1044.0941515525396,3667.2357971270203,0.4488033231567555
3.082,0.0038202293393028415,1044.0637765510428,3667.541281835199,0.4488995407471447
3.182,0.0038059727909951226,1044.0333387889218,3667.8467043644364,0.44899573995720193
3.282,0.0037917877862839715,1044.0028382944624,3668.1520646301483,0.44909192077078297
3.382,0.003777673904478358,1043.97227509595,3668.45736254775,0.4491880831717439
3.482,0.0037636307276748947,1043.9416492216706,3668.7625980326575,0.4492842271439407
3.582,0.003749657840737474,1043.9109606999093,3669.0677710002856,0.4493803526712292
3.682,0.0037357548312770467,1043.880209558952,3669.3728813660505,0.44947645973746553
3.782,0.0037219212896316303,1043.8493958270844,3669.6779290453674,0.4495725483265056
3.882,0.0037081568088463946,1043.8185195325918,3669.9829139536523,0.44966861842220546
3.982,0.0036944609846539652,1043.78758070376,3670.287836006321,0.449764670008421
4.082,0.0036808334154548737,1043.7565793688746,3670.592695118788,0.4498607030690082
4.182,0.003667273702298097,1043.7255155562211,3670.8974912064696,0.4499567175878231
4.282,0.003653781448861865,1043.694389294085,3671.2022241847812,0.4500527135487216
4.382,0.003640356261434505,1043.6632006107523,3671.506893969138,0.45014869093555976
4.482,0.0036269977488955297,1043.6319495345083,3671.811500474957,0.4502446497321935
4.582,0.003613705522696814,1043.6006360936385,3672.116043617652,0.45034058992247883
4.682,0.0036004791968439285,1043.5692603164289,3672.4205233126395,0.4504365114902717
4.782,0.003587318387877657,1043.5378222311647,3672.724939475335,0.4505324144194281
4.882,0.0035742227148556063,1043.5063218661314,3673.0292920211537,0.450628298693804
4.982,0.003561191799334014,1043.474759249615,3673.333580865512,0.4507241642972554
5.082,0.003548225265349659,1043.4431344099012,3673.637805923824,0.45082001121363824
5.182,0.0035353227394019087,1043.4114473752752,3673.941967111507,0.4509158394268085
5.282,0.003522483850434978,1043.3796981740227,3674.246064343975,0.4510116489206222
5.382,0.0035097082298202074,1043.3478868344293,3674.550097536645,0.4511074396789353
5.482,0.0034969955113386053,1043.3160133847807,3674.8540666049316,0.45120321168560373
5.582,0.0034843453311634532,1043.2840778533625,3675.1579714642503,0.4512989649244835
5.682,0.0034717573278430286,1043.25208026846,3675.4618120300174,0.45139469937943066
5.782,0.0034592311422835652,1043.2200206583593,3675.765588217648,0.45149041503430104
5.882,0.0034467664177322034,1043.1878990513458,3676.069299942558,0.4515861118729508
5.982,0.003434362799760214,1043.155715475705,3676.3729471201623,0.45168178987923574
6.082,0.003422019936246262,1043.1234699597223,3676.6765296658773,0.4517774490370119
6.182,0.003409737477359808,1043.0911625316837,3676.980047495118,0.45187308933013526
6.282,0.003397515075544704,1043.0587932198746,3677.2835005233,0.4519687107424618
6.382,0.003385352385502817,1043.0263620525807,3677.586888665839,0.45206431325784757
6.482,0.0033732490641778896,1042.9938690580875,3677.8902118381507,0.4521598968601484
6.582,0.0033612047707394445,1042.9613142646808,3678.1934699556505,0.4522554615332204
6.682,0.0033492191665668238,1042.928697700646,3678.496662933754,0.4523510072609195
6.782,0.00333729191523341,1042.8960193942685,3678.799790687877,0.45244653402710155
6.882,0.0033254226824908978,1042.8632793738343,3679.102853133434,0.4525420418156228
6.982,0.0033136111362537307,1042.8304776676287,3679.4058501858426,0.452637530610339
7.082,0.003301856946583668,1042.7976143039375,3679.708781760516,0.45273300039510617
7.182,0.003290159785674403,1042.7646893110464,3680.011647772872,0.4528284511537804
7.282,0.0032785193278364005,1042.7317027172408,3680.3144481383247,0.4529238828702175
7.382,0.003266935249481758,1042.6986545508062,3680.61718277229,0.4530192955282736
7.482,0.0032554072291092633,1042.6655448400284,3680.9198515901835,0.4531146891118046
7.582,0.0032439349472895103,1042.6323736131928,3681.222454507421,0.4532100636046664
7.682,0.003232518086650135,1042.5991408985853,3681.524991439418,0.4533054189907152
7.782,0.0032211563318612258,1042.5658467244914,3681.8274623015895,0.4534007552538067
7.882,0.003209849369620745,1042.5324911191965,3682.1298670093524,0.4534960723777971
7.982,0.0031985968886401764,1042.4990741109864,3682.432205478121,0.4535913703465423
8.082,0.0031873985796301942,1042.4655957281466,3682.734477623311,0.4536866491438982
8.182,0.0031762541352864616,1042.4320559989626,3683.0366833603384,0.45378190875372093
8.282,0.003165163250275603,1042.3984549517204,3683.3388226046186,0.4538771491598663
8.382,0.003154125621221172,1042.364792614705,3683.6408952715674,0.4539723703461905
8.482,0.003143140946689848,1042.3310690162027,3683.9429012765995,0.45406757229654926
8.582,0.003132208927177629,1042.2972841844985,3684.244840535132,0.45416275499479875
8.682,0.003121329265096226,1042.2634381478783,3684.546712962579,0.45425791842479485
8.782,0.0031105016647594882,1042.2295309346277,3684.8485184743568,0.4543530625703935
8.882,0.003099725832369965,1042.195562573032,3685.1502569858812,0.4544481874154508
8.982,0.003089001476005588,1042.1615330913774,3685.4519284125668,0.4545432929438226
9.082,0.003078328305606408,1042.1274425179488,3685.7535326698303,0.45463837913936506
9.182,0.003067706032961492,1042.0932908810323,3686.0550696730866,0.45473344598593396
9.282,0.0030571343716958702,1042.0590782089132,3686.356539337751,0.45482849346738535
9.382,0.0030466130372575886,1042.0248045298774,3686.6579415792403,0.45492352156757526
9.482,0.0030361417469049255,1041.9904698722103,3686.9592763129685,0.45501853027035954
9.582,0.0030257202196935875,1041.9560742641975,3687.260543454352,0.45511351955959434
9.682,0.003015348176464128,1041.9216177341245,3687.561742918807,0.4552084894191355
9.782,0.0030050253398293918,1041.887100310277,3687.8628746217473,0.455303439832839
9.882,0.002994751434162031,1041.8525220209408,3688.1639384785904,0.4553983707845609
9.982,0.0029845261855822158,1041.8178828944012,3688.4649344047507,0.45549328225815716
10.082,0.0029743493219453166,1041.783182958944,3688.765862315644,0.4555881742374837
10.182,0.0029642205728297897,1041.7484222428548,3689.066722126686,0.45568304670639653
10.282,0.0029541396695250853,1041.713600774419,3689.367513753292,0.4557778996487516
10.382,0.0029441063450196545,1041.6787185819223,3689.668237110878,0.455872733048405
10.482,0.002934120333989097,1041.6437756936505,3689.968892114859,0.45596754688921254
10.582,0.002924181372784322,1041.608772137889,3690.2694786806514,0.4560623411550303
10.682,0.002914289199419879,1041.5737079429232,3690.56999672367,0.45615711582971424
10.782,0.002904443553562328,1041.5385831370393,3690.8704461593306,0.45625187089712027
10.882,0.002894644176518678,1041.503397748522,3691.170826903049,0.4563466063411045
10.982,0.002884890811225005,1041.468151805658,3691.471138870241,0.4564413221455228
11.082,0.0028751832022350277,1041.4328453367318,3691.771381976321,0.45653601829423124
11.182,0.0028655210957088976,1041.3974783700298,3692.0715561367056,0.4566306947710857
11.282,0.0028559042394019807,1041.3620509338373,3692.3716612668104,0.4567253515599422
11.382,0.0028463323826537594,1041.32656305644,3692.6716972820504,0.4568199886446567
11.482,0.0028368052763768346,1041.2910147661232,3692.9716640978413,0.4569146060090852
11.582,0.0028273226730459655,1041.255406091173,3693.271561629599,0.45700920363708364
11.682,0.0028178843266872563,1041.2197370598744,3693.571389792739,0.4571037815125081
11.782,0.0028084899928673603,1041.1840077005136,3693.871148502676,0.4571983396192144
11.882,0.0027991394286827932,1041.1482180413757,3694.1708376748275,0.45729287794105866
11.982,0.002789832392749353,1041.1123681107467,3694.470457224607,0.45738739646189674
12.082,0.0027805686451915566,1041.076457936912,3694.7700070674314,0.4574818951655847
12.182,0.002771347947632232,1041.040487548157,3695.0694871187156,0.4575763740359785
12.282,0.0027621700631821314,1041.0044569727677,3695.3688972938753,0.45767083305693407
12.382,0.0027530347564296283,1040.9683662390296,3695.6682375083265,0.4577652722123075
12.482,0.002743941793430538,1040.932215375228,3695.967507677484,0.4578596914859546
12.582,0.002734890941697945,1040.8960044096489,3696.266707716764,0.4579540908617315
12.682,0.0027258819701921765,1040.8597333705777,3696.565837541582,0.4580484703234941
12.782,0.0027169146493108078,1040.8234022862998,3696.864897067353,0.45814282985509835
12.882,0.0027079887508787365,1040.7870111851012,3697.1638862094937,0.4582371694404003
12.982,0.002699104048138377,1040.7505600952675,3697.4628048834184,0.45833148906325594
13.082,0.0026902603157398703,1040.7140490450838,3697.7616530045434,0.45842578870752115
13.182,0.002681457329731425,1040.6774780628361,3698.0604304882845,0.458520068357052
13.282,0.0026726948675496903,1040.64084717681,3698.3591372500564,0.4586143279957044
13.382,0.002663972708010194,1040.6041564152908,3698.6577732052756,0.45870856760733436
13.482,0.002655290631297916,1040.5674058065645,3698.956338269357,0.4588027871757978
13.582,0.0026466484189578295,1040.5305953789166,3699.254832357716,0.4588969866849508
13.682,0.002638045853885628,1040.4937251606325,3699.553255385769,0.4589911661186494
13.782,0.00262948272031843,1040.4567951799977,3699.851607268931,0.45908532546074926
13.882,0.002620958803825587,1040.4198054652984,3700.149887922618,0.4591794646951067
13.982,0.002612473891299584,1040.3827560448194,3700.4480972622446,0.4592735838055774
14.082,0.002604027770946952,1040.345646946847,3700.7462352032276,0.45936768277601764
14.182,0.0025956202322793154,1040.3084781996665,3701.044301660982,0.45946176159028324
14.282,0.00258725106610445,1040.2712498315634,3701.342296550923,0.45955582023223013
14.382,0.002578920064517421,1040.2339618708236,3701.6402197884668,0.4596498586857144
14.482,0.002570627020891827,1040.1966143457323,3701.938071289029,0.4597438769345919
14.582,0.002562371729871036,1040.1592072845754,3702.2358509680244,0.4598378749627188
14.682,0.0025541539873595647,1040.1217407156385,3702.5335587408695,0.4599318527539509
14.782,0.0025459735905144654,1040.0842146672069,3702.831194522979,0.4600258102921441
14.882,0.0025378303377367835,1040.0466291675664,3703.128758229769,0.4601197475611547
14.982,0.002529724028663132,1040.0089842450027,3703.426249776655,0.46021366454483836
15.082,0.0025216544641572325,1039.9712799278013,3703.723669079053,0.46030756122705124
15.182,0.0025136214463016234,1039.9335162442478,3704.0210160523775,0.4604014375916493
15.282,0.0025056247783893583,1039.8956932226279,3704.3182906120446,0.4604952936224884
15.382,0.002497664264915769,1039.857810891227,3704.6154926734703,0.46058912930342466
15.482,0.0024897397115703533,1039.819869278331,3704.9126221520696,0.46068294461831394
15.582,0.002481850925228626,1039.781868412225,3705.2096789632583,0.4607767395510123
15.682,0.002473997713944119,1039.743808321195,3705.5066630224524,0.4608705140853757
15.782,0.0024661798869403946,1039.7056890335266,3705.8035742450666,0.46096426820526004
15.882,0.0024583972546031022,1039.6675105775053,3706.100412546517,0.4610580018945214
15.982,0.002450649628472157,1039.6292729814168,3706.3971778422188,0.4611517151370157
16.082,0.0024429368212338996,1039.5909762735464,3706.693870047588,0.461245407916599
16.182,0.002435258646713374,1039.55262048218,3706.99048907804,0.46133908021712716
16.282,0.002427614919866636,1039.514205635603,3707.2870348489905,0.4614327320224562
16.382,0.0024200054567731044,1039.4757317621013,3707.583507275855,0.46152636331644215
16.482,0.002412430074628009,1039.4371988899602,3707.8799062740486,0.46161997408294086
16.582,0.0024048885917348473,1039.3986070474652,3708.1762317589873,0.4617135643058085
16.682,0.002397380827497941,1039.3599562629024,3708.4724836460873,0.4618071339689009
16.782,0.002389906602415013,1039.321246564557,3708.768661850763,0.461900683056074
16.882,0.0023824657380698256,1039.2824779807147,3709.0647662884303,0.461994211551184
16.982,0.0023750580571249027,1039.243650539661,3709.3607968745055,0.4620877194380866
17.082,0.0023676833833142477,1039.2047642696816,3709.656753524403,0.46218120670063795
17.182,0.0023603415414361778,1039.1658191990623,3709.9526361535395,0.46227467332269395
17.282,0.002353032357346171,1039.1268153560884,3710.2484446773296,0.4623681192881106
17.382,0.0023457556579497634,1039.0877527690454,3710.54417901119,0.46246154458074396
17.482,0.0023385112711955362,1039.0486314662194,3710.839839070535,0.4625549491844499
17.582,0.0023312990260680993,1039.0094514758955,3711.135424770781,0.4626483330830844
17.682,0.002324118752581181,1038.9702128263596,3711.4309360273437,0.46274169626050354
17.782,0.00231697028177073,1038.9309155458973,3711.7263727556374,0.46283503870056314
17.882,0.0023098534456880765,1038.891559662794,3712.0217348710794,0.4629283603871193
17.982,0.0023027680773931598,1038.8521452053353,3712.317022289084,0.46302166130402794
18.082,0.0022957140109477734,1038.812672201807,3712.6122349250672,0.4631149414351451
18.182,0.002288691081408903,1038.7731406804944,3712.9073726944453,0.4632082007643267
18.282,0.0022816991248220714,1038.7335506696836,3713.2024355126323,0.4633014392754287
18.382,0.002274737978214743,1038.6939021976596,3713.497423295045,0.46339465695230714
18.482,0.002267807479589801,1038.6541952927084,3713.792335957098,0.46348785377881796
18.582,0.0022609074679190372,1038.6144299831155,3714.0871734142083,0.4635810297388171
18.682,0.002254037783136713,1038.5746062971666,3714.3819355817905,0.46367418481616063
18.782,0.0022471982661331617,1038.5347242631472,3714.67662237526,0.46376731899470447
18.882,0.0022403887587484146,1038.4947839093427,3714.9712337100327,0.4638604322583046
18.982,0.0022336091037659235,1038.4547852640392,3715.265769501524,0.46395352459081696
19.082,0.0022268591449062687,1038.4147283555217,3715.56022966515,0.4640465959760976
19.182,0.002220138726820966,1038.3746132120762,3715.854614116326,0.4641396463980025
19.282,0.0022134476950862836,1038.3344398619881,3716.148922770467,0.4642326758403875
19.382,0.0022067858961971067,1038.294208333543,3716.443155542989,0.46432568428710874
19.482,0.0022001531775608773,1038.253918655027,3716.737312349308,0.4644186717220221
19.582,0.002193549387491527,1038.213570854725,3717.031393104839,0.46451163812898366
19.682,0.002186974375203505,1038.1731649609228,3717.3253977249974,0.4646045834918493
19.782,0.0021804279908058215,1038.1327010019063,3717.6193261251997,0.464697507794475
19.882,0.0021739100852961155,1038.0921790059608,3717.91317822086,0.4647904110207168
19.982,0.002167420510554831,1038.051599001372,3718.2069539273953,0.46488329315443055
20.082,0.002160959119339345,1038.0109610164257,3718.5006531602207,0.4649761541794724
20.182,0.0021545257652782236,1037.970265079407,3718.7942758347517,0.46506899407969826
20.282,0.002148120302865463,1037.9295112186019,3719.0878218664034,0.4651618128389641
20.382,0.002141742587454783,1037.8886994622958,3719.3812911705922,0.4652546104411258
20.482,0.0021353924752539957,1037.8478298387745,3719.674683662733,0.46534738687003946
20.582,0.0021290698233193506,1037.8069023763233,3719.967999258242,0.4654401421095611
20.682,0.002122774489549989,1037.765917103228,3720.2612378725344,0.46553287614354655
20.782,0.0021165063326823966,1037.7248740477744,3720.554399421025,0.4656255889558518
20.882,0.0021102652122848876,1037.6837732382478,3720.847483819131,0.465718280530333
20.982,0.0021040509887521783,1037.642614702934,3721.140490982267,0.4658109508508459
21.082,0.002097863523299935,1037.6013984701183,3721.4334208258483,0.4659035999012467
21.182,0.0020917026779594247,1037.5601245680864,3721.7262732652916,0.4659962276653912
21.282,0.0020855683155721525,1037.5187930251243,3722.019048216011,0.4660888341271354
21.382,0.002079460299784553,1037.477403869517,3722.311745593423,0.4661814192703354
21.482,0.0020733784950427545,1037.4359571295504,3722.604365312943,0.46627398307884704
21.582,0.002067322766587308,1037.3944528335103,3722.8969072899868,0.4663665255365264
21.682,0.0020612929804480324,1037.3528910096818,3723.1893714399694,0.4664590466272294
21.782,0.002055289003438852,1037.3112716863511,3723.481757678307,0.466551546334812
21.882,0.0020493107031526567,1037.2695948918033,3723.7740659204146,0.46664402464313026
21.982,0.002043357947956256,1037.227860654324,3724.066296081708,0.46673648153604
22.082,0.002037430606985302,1037.1860690021992,3724.358448077603,0.46682891699739737
22.182,0.002031528550139307,1037.1442199637142,3724.6505218235147,0.4669213310110583
22.282,0.0020256516480766595,1037.1023135671549,3724.942517234859,0.46701372356087867
22.382,0.0020197997722096765,1037.0603498408066,3725.2344342270517,0.4671060946307146
22.482,0.002013972794699725,1037.018328812955,3725.5262727155077,0.4671984442044219
22.582,0.0020081705884523243,1036.9762505118854,3725.818032615643,0.46729077226585675
22.682,0.0020023930271123387,1036.9341149658837,3726.109713842873,0.467383078798875
22.782,0.001996639985059175,1036.8919222032357,3726.4013163126137,0.46747536378733257
22.882,0.001990911337401991,1036.8496722522268,3726.69283994028,0.4675676272150856
22.982,0.0019852069599750055,1036.8073651411423,3726.984284641288,0.46765986906598994
23.082,0.0019795267293327644,1036.7650008982685,3727.275650331053,0.4677520893239016
23.182,0.0019738705227455014,1036.7225795518902,3727.566936924991,0.46784428797267663
23.282,0.0019682382181944965,1036.6801011302935,3727.858144338517,0.46793646499617086
23.382,0.001962629694367467,1036.6375656617638,3728.149272487047,0.4680286203782404
23.482,0.001957044830654032,1036.594973174587,3728.4403212859957,0.4681207541027411
23.582,0.0019514835071411361,1036.5523236970482,3728.7312906507796,0.46821286615352914
23.682,0.0019459456046085853,1036.5096172574335,3729.022180496814,0.4683049565144603
23.782,0.0019404310045245624,1036.4668538840283,3729.3129907395146,0.46839702516939064
23.882,0.0019349395890411775,1036.424033605118,3729.603721294297,0.4684890721021761
23.982,0.0019294712409900832,1036.3811564489883,3729.8943720765765,0.4685810972966727
24.082,0.0019240258438780707,1036.3382224439251,3730.1849430017687,0.4686731007367364
24.182,0.0019186032818827557,1036.2952316182136,3730.4754339852893,0.4687650824062232
24.282,0.0019132034398482412,1036.2521840001398,3730.765844942554,0.468857042288989
24.382,0.0019078262032808356,1036.209079617989,3731.0561757889777,0.4689489803688899
24.482,0.0019024714583448096,1036.1659185000467,3731.3464264399768,0.4690408966297817
24.582,0.0018971390918581536,1036.1227006745987,3731.6365968109662,0.4691327910555206
24.682,0.0018918289912884022,1036.0794261699307,3731.926686817362,0.4692246636299624
24.782,0.0018865410447484589,1036.036095014328,3732.21669637458,0.46931651433696314
24.882,0.0018812751409924527,1035.9927072360765,3732.506625398035,0.4694083431603788
24.982,0.0018760311694116496,1035.9492628634616,3732.7964738031424,0.46950015008406537
25.082,0.0018708090200303517,1035.905761924769,3733.086241505319,0.4695919350918788
25.182,0.0018656085835018646,1035.8622044482843,3733.3759284199796,0.46968369816767513
25.282,0.0018604297511044749,1035.818590462293,3733.665534462539,0.4697754392953102
25.382,0.001855272414737436,1035.7749199950808,3733.9550595484143,0.4698671584586401
25.482,0.0018501364669170342,1035.7311930749333,3734.24450359302,0.46995885564152073
25.582,0.0018450218007726193,1035.687409730136,3734.5338665117724,0.4700505308278082
25.682,0.0018399283100427202,1035.6435699889746,3734.8231482200868,0.4701421840013584
25.782,0.0018348558890711492,1035.5996738797348,3735.112348633378,0.47023381514602725
25.882,0.0018298044328031366,1035.5557214307019,3735.4014676670627,0.4703254242456708
25.982,0.001824773836781525,1035.5117126701618,3735.690505236556,0.470417011284145
26.082,0.0018197639971429436,1035.4676476263999,3735.979461257273,0.4705085762453059
26.182,0.001814774810614047,1035.4235263277017,3736.2683356446305,0.4706001191130094
26.282,0.001809806174507761,1035.3793488023532,3736.5571283140425,0.47069163987111146
26.382,0.0018048579867195522,1035.3351150786398,3736.845839180926,0.4707831385034681
26.482,0.0017999301457237433,1035.2908251848469,3737.1344681606956,0.4708746149939353
26.582,0.001795022550569822,1035.2464791492603,3737.423015168767,0.47096606932636903
26.682,0.0017901351008788179,1035.2020770001654,3737.7114801205566,0.4710575014846253
26.782,0.0017852676968396627,1035.1576187658482,3737.9998629314787,0.47114891145255994
26.882,0.001780420239205597,1035.113104474594,3738.28816351695,0.4712402992140291
26.982,0.0017755926292906082,1035.0685341546885,3738.5763817923853,0.4713316647528887
27.082,0.0017707847689658654,1035.023907834417,3738.8645176732007,0.4714230080529947
27.182,0.0017659965606562197,1034.9792255420657,3739.1525710748115,0.4715143290982031
27.282,0.001761227907336692,1034.9344873059197,3739.4405419126333,0.4716056278723698
27.382,0.0017564787125289995,1034.889693154265,3739.7284301020813,0.47169690435935097
27.482,0.0017517488802981129,1034.8448431153865,3740.0162355585717,0.4717881585430023
27.582,0.0017470383152488193,1034.7999372175707,3740.30395819752,0.4718793904071801
27.682,0.0017423469225223364,1034.7549754891024,3740.5915979343417,0.4719705999357401
27.782,0.0017376746077929213,1034.7099579582678,3740.879154684452,0.47206178711253827
27.882,0.0017330212772645138,1034.6648846533521,3741.166628363266,0.47215295192143075
27.982,0.001728386837667417,1034.6197556026414,3741.454018886201,0.4722440943462734
28.082,0.001723771196254966,1034.5745708344205,3741.741326168671,0.47233521437092224
28.182,0.0017191742608002665,1034.5293303769756,3742.0285501260923,0.4724263119792333
28.282,0.0017145959395929186,1034.4840342585924,3742.3156906738805,0.4725173871550624
28.382,0.0017100361414357649,1034.438682507556,3742.6027477274506,0.4726084398822657
28.482,0.001705494775641693,1034.3932751521525,3742.889721202219,0.472699470144699
28.582,0.0017009717520304166,1034.347812220667,3743.1766110136004,0.4727904779262184
28.682,0.0016964669809253177,1034.3022937413853,3743.463417077011,0.4728814632106799
28.782,0.0016919803731502857,1034.2567197425933,3743.7501393078655,0.47297242598193934
28.882,0.0016875118400265763,1034.2110902525762,3744.0367776215808,0.4730633662238528
28.982,0.0016830612933697248,1034.1654052996198,3744.323331933572,0.47315428392027625
29.082,0.0016786286454864262,1034.1196649120097,3744.609802159254,0.4732451790550657
29.182,0.0016742138091714945,1034.0738691180313,3744.8961882140425,0.47333605161207704
29.282,0.001669816697704802,1034.0280179459705,3745.182490013354,0.4734269015751662
29.382,0.0016654372248482503,1033.9821114241129,3745.468707472603,0.47351772892818933
29.482,0.0016610753048427788,1033.9361495807436,3745.7548405072057,0.4736085336550023
29.582,0.0016567308524053585,1033.8901324441488,3746.0408890325775,0.4736993157394611
29.682,0.0016524037827260482,1033.8440600426138,3746.326852964134,0.47379007516542176
29.782,0.0016480940114650434,1033.7979324044243,3746.6127322172906,0.47388081191674014
29.882,0.0016438014547497386,1033.7517495578657,3746.898526707463,0.4739715259772724
29.982,0.001639526029171847,1033.705511531224,3747.184236350067,0.4740622173308743
30.082,0.0016352676517844887,1033.6592183527841,3747.469861060518,0.4741528859614019
30.182,0.0016310262400993521,1033.6128700508325,3747.7554007542312,0.47424353185271134
30.282,0.0016268017120838316,1033.566466653654,3748.0408553466223,0.47433415498865833
30.382,0.0016225939861581997,1033.5200081895348,3748.3262247531075,0.474424755353099
30.482,0.0016184029811928144,1033.4734946867602,3748.6115088891015,0.4745153329298893
30.582,0.0016142286165053167,1033.4269261736158,3748.8967076700205,0.47460588770288525
30.682,0.0016100708118578701,1033.3803026783874,3749.18182101128,0.4746964196559428
30.782,0.0016059294874544076,1033.33362422936,3749.4668488282955,0.47478692877291784
30.882,0.0016018045639378969,1033.28689085482,3749.7517910364822,0.47487741503766645
30.982,0.0015976959623876332,1033.2401025830527,3750.036647551256,0.47496787843404453
31.082,0.0015936036043165398,1033.1932594423436,3750.3214182880324,0.47505831894590816
31.182,0.0015895274116684932,1033.1463614609784,3750.606103162227,0.47514873655711326
31.282,0.0015854673068156687,1033.0994086672424,3750.8907020892557,0.4752391312515158
31.382,0.001581423212555886,1033.0524010894217,3751.1752149845333,0.4753295030129717
31.482,0.0015773950521100087,1033.0053387558016,3751.459641763476,0.4754198518253371
31.582,0.0015733827491193142,1032.9582216946676,3751.7439823414993,0.47551017767246784
31.682,0.001569386227642929,1032.9110499343055,3752.028236634019,0.47560048053821996
31.782,0.0015654054121552441,1032.863823503001,3752.3124045564496,0.4756907604064493
31.882,0.0015614402275433677,1032.8165424290394,3752.5964860242075,0.4757810172610121
31.982,0.0015574905991045892,1032.7692067407063,3752.8804809527082,0.47587125108576406
32.082,0.0015535564525438576,1032.7218164662877,3753.1643892573675,0.47596146186456134
32.182,0.0015496377139712883,1032.6743716340688,3753.448210853601,0.4760516495812599
32.282,0.0015457343098996745,1032.6268722723353,3753.731945656823,0.47614181421971563
32.382,0.001541846167242007,1032.579318409373,3754.0155935824505,0.4762319557637846
32.482,0.0015379732133090484,1032.5317100734674,3754.2991545458985,0.47632207419732264
32.582,0.0015341153758068732,1032.4840472929038,3754.582628462583,0.4764121695041859
32.682,0.0015302725828344617,1032.436330095968,3754.866015247919,0.4765022416682303
32.782,0.0015264447628813042,1032.3885585109458,3755.1493148173226,0.47659229067331177
32.882,0.0015226318448249938,1032.3407325661228,3755.4325270862087,0.47668231650328635
32.982,0.0015188337579288785,1032.2928522897842,3755.7156519699934,0.4767723191420099
33.082,0.0015150504318396886,1032.244917710216,3755.998689384092,0.4768622985733386
33.182,0.0015112817965852148,1032.1969288557034,3756.2816392439204,0.4769522547811283
33.282,0.001507527782571976,1032.1488857545323,3756.564501464894,0.4770421877492349
33.382,0.001503788320582904,1032.1007884349883,3756.8472759624283,0.4771320974615145
33.482,0.0015000633417750727,1032.052636925357,3757.1299626519385,0.4772219839018231
33.582,0.0014963527776773956,1032.004431253924,3757.4125614488407,0.4773118470540166
33.682,0.0014926565601883896,1031.9561714489746,3757.695072268551,0.47740168690195095
33.782,0.0014889746215739135,1031.9078575387948,3757.9774950264837,0.47749150342948216
33.882,0.0014853068944649301,1031.85948955167,3758.2598296380547,0.4775812966204663
33.982,0.001481653311855314,1031.811067515886,3758.5420760186803,0.4776710664587592
34.082,0.0014780138070996198,1031.762591459728,3758.8242340837755,0.4777608129282169
34.182,0.0014743883139109212,1031.714061411482,3759.106303748756,0.47785053601269545
34.282,0.0014707767663586222,1031.6654773994333,3759.3882849290376,0.4779402356960507
34.382,0.0014671790988663015,1031.6168394518675,3759.670177540035,0.47802991196213873
34.482,0.001463595246209575,1031.5681475970705,3759.951981497165,0.47811956479481543
34.582,0.001460025143513956,1031.5194018633279,3760.2336967158426,0.47820919417793684
34.682,0.0014564687262527507,1031.4706022789248,3760.515323111483,0.4782988000953589
34.782,0.00145292593024495,1031.4217488721474,3760.796860599502,0.47838838253093763
34.882,0.0014493966916531405,1031.3728416712809,3761.0783090953155,0.47847794146852896
34.982,0.0014458809469814358,1031.3238807046112,3761.359668514339,0.47856747689198886
35.082,0.0014423786330734119,1031.2748660004233,3761.6409387719877,0.4786569887851734
35.182,0.0014388896871100664,1031.2257975870036,3761.9221197836773,0.47874647713193846
35.282,0.001435414046607781,1031.1766754926373,3762.203211464823,0.47883594191614004
35.382,0.0014319516494162997,1031.12749974561,3762.484213730842,0.4789253831216342
35.482,0.0014285024337167306,1031.0782703742072,3762.765126497148,0.4790148007322767
35.582,0.0014250663380195457,1031.0289874067148,3763.045949679157,0.4791041947319238
35.682,0.0014216433011626061,1030.9796508714182,3763.326683192285,0.4791935651044313
35.782,0.0014182332623091961,1030.930260796603,3763.6073269519475,0.4792829118336551
35.882,0.0014148361609460567,1030.8808172105548,3763.88788087356,0.47937223490345143
35.982,0.0014114519368814687,1030.8313201415594,3764.168344872538,0.4794615342976761
36.082,0.001408080530243297,1030.781769617902,3764.448718864297,0.47955081000018507
36.182,0.001404721881477099,1030.7321656678685,3764.729002764253,0.4796400619948344
36.282,0.001401375931344211,1030.6825083197446,3765.0091964878206,0.47972929026548
36.382,0.0013980426209198532,1030.6327976018154,3765.2892999504165,0.47981849479597793
36.482,0.0013947218915912622,1030.583033542367,3765.569313067456,0.47990767557018404
36.582,0.0013914136850558187,1030.533216169685,3765.8492357543537,0.4799968325719544
36.682,0.0013881179433191963,1030.4833455120545,3766.1290679265267,0.480085965785145
36.782,0.001384834608693525,1030.4334215977615,3766.408809499389,0.4801750751936118
36.882,0.0013815636237955477,1030.3834444550916,3766.6884603883577,0.4802641607812107
36.982,0.001378304931544825,1030.3334141123303,3766.968020508847,0.4803532225317978
37.082,0.0013750584751619063,1030.2833305977633,3767.2474897762736,0.480442260429229
37.182,0.0013718241981665574,1030.233193939676,3767.5268681060525,0.48053127445736027
37.282,0.0013686020443759662,1030.1830041663543,3767.806155413599,0.4806202646000476
37.382,0.0013653919579029723,1030.1327613060835,3768.0853516143293,0.48070923084114703
37.482,0.0013621938831543216,1030.082465387149,3768.3644566236585,0.4807981731645144
37.582,0.001359007764828899,1030.0321164378372,3768.6434703570026,0.4808870915540059
37.682,0.0013558335479160102,1029.981714486433,3768.9223927297767,0.4809759859934773
37.782,0.0013526711776936553,1029.9312595612223,3769.2012236573964,0.4810648564667846
37.882,0.001349520599726802,1029.8807516904908,3769.479963055278,0.4811537029577839
37.982,0.0013463817598657025,1029.8301909025236,3769.758610838836,0.4812425254503311
38.082,0.0013432546042441865,1029.7795772256068,3770.0371669234864,0.4813313239282822
38.182,0.001340139079277994,1029.7289106880257,3770.315631224645,0.48142009837549316
38.282,0.0013370351316631004,1029.6781913180662,3770.5940036577276,0.48150884877581995
38.382,0.0013339427083740559,1029.6274191440136,3770.872284138149,0.48159757511311857
38.482,0.0013308617566623485,1029.5765941941536,3771.150472581325,0.4816862773712449
38.582,0.0013277922240547528,1029.5257164967718,3771.428568902672,0.48177495553405514
38.682,0.0013247340583517168,1029.4747860801538,3771.7065730176046,0.4818636095854051
38.782,0.0013216872076257434,1029.4238029725852,3771.9844848415387,0.48195223950915067
38.882,0.00131865162021978,1029.3727672023517,3772.26230428989,0.48204084528914803
38.982,0.0013156272447456302,1029.321678797739,3772.5400312780735,0.48212942690925303
39.082,0.001312614030082366,1029.2705377870323,3772.8176657215054,0.48221798435332175
39.182,0.0013096119253747569,1029.2193441985173,3773.095207535601,0.4823065176052101
39.282,0.0013066208800317075,1029.16809806048,3773.372656635776,0.482395026648774
39.382,0.001303640843724693,1029.1167994012055,3773.650012937446,0.48248351146786955
39.482,0.0013006717663862314,1029.0654482489797,3773.9272763560257,0.4825719720463526
39.582,0.0012977135982083395,1029.0140446320881,3774.204446806932,0.4826604083680793
39.682,0.0012947662896410099,1028.9625885788162,3774.48152420558,0.4827488204169054
39.782,0.0012918297913907047,1028.91108011745,3774.758508467385,0.482837208176687
39.882,0.0012889040544188384,1028.8595192762746,3775.035399507763,0.4829255716312802
39.982,0.0012859890299402978,1028.8079060835757,3775.312197242129,0.4830139107645407
